ndtset 10
            acell1     1.5727551974E+01  1.5727551974E+01  1.5856130854E+01 
            acell2     1.5568359144E+01  1.5568359144E+01  1.5696665128E+01 
            acell3     1.5408059455E+01  1.5408059455E+01  1.5539551435E+01 
            acell4     1.5248326085E+01  1.5248326085E+01  1.5381238117E+01 
            acell5     1.5087661922E+01  1.5087661922E+01  1.5224913466E+01 
            acell6     1.4925447589E+01  1.4925447589E+01  1.5071923671E+01 
            acell7     1.4763919128E+01  1.4763919128E+01  1.4917494039E+01 
            acell8     1.4602560348E+01  1.4602560348E+01  1.4762723557E+01 
            acell9     1.4440444390E+01  1.4440444390E+01  1.4609625194E+01 
            acell10    1.4279405046E+01  1.4279405046E+01  1.4454213719E+01 

            rprim1     0.0000000000E+00  7.1288765530E-01  7.0127825499E-01
                       7.1288765530E-01  0.0000000000E+00  7.0127825499E-01
                       7.0710678119E-01  7.0710678119E-01  0.0000000000E+00
            rprim2     0.0000000000E+00  7.1293437232E-01  7.0123076142E-01
                       7.1293437232E-01  0.0000000000E+00  7.0123076142E-01
                       7.0710678119E-01  7.0710678119E-01  0.0000000000E+00
            rprim3     0.0000000000E+00  7.1314121213E-01  7.0102040738E-01
                       7.1314121213E-01  0.0000000000E+00  7.0102040738E-01
                       7.0710678119E-01  7.0710678119E-01  0.0000000000E+00
            rprim4     0.0000000000E+00  7.1327027734E-01  7.0088908642E-01
                       7.1327027734E-01  0.0000000000E+00  7.0088908642E-01
                       7.0710678119E-01  7.0710678119E-01  0.0000000000E+00
            rprim5     0.0000000000E+00  7.1353928864E-01  7.0061521791E-01
                       7.1353928864E-01  0.0000000000E+00  7.0061521791E-01
                       7.0710678119E-01  7.0710678119E-01  0.0000000000E+00
            rprim6     0.0000000000E+00  7.1404622005E-01  7.0009856137E-01
                       7.1404622005E-01  0.0000000000E+00  7.0009856137E-01
                       7.0710678119E-01  7.0710678119E-01  0.0000000000E+00
            rprim7     0.0000000000E+00  7.1446213581E-01  6.9967410735E-01
                       7.1446213581E-01  0.0000000000E+00  6.9967410735E-01
                       7.0710678119E-01  7.0710678119E-01  0.0000000000E+00
            rprim8     0.0000000000E+00  7.1486244107E-01  6.9926510734E-01
                       7.1486244107E-01  0.0000000000E+00  6.9926510734E-01
                       7.0710678119E-01  7.0710678119E-01  0.0000000000E+00
            rprim9     0.0000000000E+00  7.1539107568E-01  6.9872427239E-01
                       7.1539107568E-01  0.0000000000E+00  6.9872427239E-01
                       7.0710678119E-01  7.0710678119E-01  0.0000000000E+00
            rprim10    0.0000000000E+00  7.1576319213E-01  6.9834307671E-01
                       7.1576319213E-01  0.0000000000E+00  6.9834307671E-01
                       7.0710678119E-01  7.0710678119E-01  0.0000000000E+00
natom    9  
ntypat   4  
                      
            typat    1 1 2 4 2 2 2 2 3
      
znucl    55 53 40 35 
             xred1     2.4856122167E-01  2.4856122167E-01  2.5143877833E-01
                       7.4856122167E-01  7.4856122167E-01  7.5143877833E-01
                       2.4214724971E-01  2.4214724971E-01  7.5785275029E-01
                       7.7094630987E-01  7.7094630987E-01  2.2905369013E-01
                       2.4189495056E-01  7.5553273744E-01  7.5810504944E-01
                       7.5553273744E-01  2.4189495056E-01  7.5810504944E-01
                       2.4189495056E-01  7.5553273744E-01  2.4446726256E-01
                       7.5553273744E-01  2.4189495056E-01  2.4446726256E-01
                      -5.0713789153E-03 -5.0713789153E-03  5.0713789153E-03
             xred2     2.4856007339E-01  2.4856007339E-01  2.5143992661E-01
                       7.4856007339E-01  7.4856007339E-01  7.5143992661E-01
                       2.4405187418E-01  2.4405187418E-01  7.5594812582E-01
                       7.6849434774E-01  7.6849434774E-01  2.3150565226E-01
                       2.4413241317E-01  7.5367489861E-01  7.5586758683E-01
                       7.5367489861E-01  2.4413241317E-01  7.5586758683E-01
                       2.4413241317E-01  7.5367489861E-01  2.4632510139E-01
                       7.5367489861E-01  2.4413241317E-01  2.4632510139E-01
                      -5.2809922669E-03 -5.2809922669E-03  5.2809922669E-03
             xred3     2.4868209175E-01  2.4868209175E-01  2.5131790825E-01
                       7.4868209175E-01  7.4868209175E-01  7.5131790825E-01
                       2.4590481721E-01  2.4590481721E-01  7.5409518279E-01
                       7.6592371185E-01  7.6592371185E-01  2.3407628815E-01
                       2.4627445627E-01  7.5190339920E-01  7.5372554373E-01
                       7.5190339920E-01  2.4627445627E-01  7.5372554373E-01
                       2.4627445627E-01  7.5190339920E-01  2.4809660080E-01
                       7.5190339920E-01  2.4627445627E-01  2.4809660080E-01
                      -5.5484235168E-03 -5.5484235168E-03  5.5484235168E-03
             xred4     2.4879155455E-01  2.4879155455E-01  2.5120844545E-01
                       7.4879155455E-01  7.4879155455E-01  7.5120844545E-01
                       2.4767582388E-01  2.4767582388E-01  7.5232417612E-01
                       7.6335897485E-01  7.6335897485E-01  2.3664102515E-01
                       2.4842724123E-01  7.5018318605E-01  7.5157275877E-01
                       7.5018318605E-01  2.4842724123E-01  7.5157275877E-01
                       2.4842724123E-01  7.5018318605E-01  2.4981681395E-01
                       7.5018318605E-01  2.4842724123E-01  2.4981681395E-01
                      -5.8387624120E-03 -5.8387624120E-03  5.8387624120E-03
             xred5     2.4894041358E-01  2.4894041358E-01  2.5105958642E-01
                       7.4894041358E-01  7.4894041358E-01  7.5105958642E-01
                       2.4939295500E-01  2.4939295500E-01  7.5060704500E-01
                       7.6069027099E-01  7.6069027099E-01  2.3930972901E-01
                       2.5052622403E-01  7.4859084760E-01  7.4947377597E-01
                       7.4859084760E-01  2.5052622403E-01  7.4947377597E-01
                       2.5052622403E-01  7.4859084760E-01  2.5140915240E-01
                       7.4859084760E-01  2.5052622403E-01  2.5140915240E-01
                      -6.1981964272E-03 -6.1981964272E-03  6.1981964272E-03
             xred6     2.4907779685E-01  2.4907779685E-01  2.5092220315E-01
                       7.4907779685E-01  7.4907779685E-01  7.5092220315E-01
                       2.5113587761E-01  2.5113587761E-01  7.4886412239E-01
                       7.5791604088E-01  7.5791604088E-01  2.4208395912E-01
                       2.5253050235E-01  7.4716628675E-01  7.4746949765E-01
                       7.4716628675E-01  2.5253050235E-01  7.4746949765E-01
                       2.5253050235E-01  7.4716628675E-01  2.5283371325E-01
                       7.4716628675E-01  2.5253050235E-01  2.5283371325E-01
                      -6.6010903796E-03 -6.6010903796E-03  6.6010903796E-03
             xred7     2.4932060608E-01  2.4932060608E-01  2.5067939392E-01
                       7.4932060608E-01  7.4932060608E-01  7.5067939392E-01
                       2.5269967578E-01  2.5269967578E-01  7.4730032422E-01
                       7.5515044109E-01  7.5515044109E-01  2.4484955891E-01
                       2.5448236766E-01  7.4582051541E-01  7.4551763234E-01
                       7.4582051541E-01  2.5448236766E-01  7.4551763234E-01
                       2.5448236766E-01  7.4582051541E-01  2.5417948459E-01
                       7.4582051541E-01  2.5448236766E-01  2.5417948459E-01
                      -7.0970951630E-03 -7.0970951630E-03  7.0970951630E-03
             xred8     2.4951503107E-01  2.4951503107E-01  2.5048496893E-01
                       7.4951503107E-01  7.4951503107E-01  7.5048496893E-01
                       2.5418197378E-01  2.5418197378E-01  7.4581802622E-01
                       7.5246497766E-01  7.5246497766E-01  2.4753502234E-01
                       2.5638571301E-01  7.4457600673E-01  7.4361428699E-01
                       7.4457600673E-01  2.5638571301E-01  7.4361428699E-01
                       2.5638571301E-01  7.4457600673E-01  2.5542399327E-01
                       7.4457600673E-01  2.5638571301E-01  2.5542399327E-01
                      -7.6004530610E-03 -7.6004530610E-03  7.6004530610E-03
             xred9     2.4977104879E-01  2.4977104879E-01  2.5022895121E-01
                       7.4977104879E-01  7.4977104879E-01  7.5022895121E-01
                       2.5561172002E-01  2.5561172002E-01  7.4438827998E-01
                       7.4973057484E-01  7.4973057484E-01  2.5026942516E-01
                       2.5816005734E-01  7.4349261032E-01  7.4183994266E-01
                       7.4349261032E-01  2.5816005734E-01  7.4183994266E-01
                       2.5816005734E-01  7.4349261032E-01  2.5650738968E-01
                       7.4349261032E-01  2.5816005734E-01  2.5650738968E-01
                      -8.1897277680E-03 -8.1897277680E-03  8.1897277680E-03
             xred10    2.5005773295E-01  2.5005773295E-01  2.4994226705E-01
                       7.5005773295E-01  7.5005773295E-01  7.4994226705E-01
                       2.5686955493E-01  2.5686955493E-01  7.4313044507E-01
                       7.4711634625E-01  7.4711634625E-01  2.5288365375E-01
                       2.5989486677E-01  7.4247643494E-01  7.4010513323E-01
                       7.4247643494E-01  2.5989486677E-01  7.4010513323E-01
                       2.5989486677E-01  7.4247643494E-01  2.5752356506E-01
                       7.4247643494E-01  2.5989486677E-01  2.5752356506E-01
                      -8.8439704965E-03 -8.8439704965E-03  8.8439704965E-03
         
getxred1 0
getxred -1

diemac 12.0
ecut 16
pawecutdg 40
ixc -101130
kptopt 1
ngkpt 4 4 4
prtden 1
iscf 17
nstep 2500
prtwf 0
nshiftk 4
shiftk  0.5 0.5 0.5
        0.5 0.0 0.0
        0.0 0.5 0.0
        0.0 0.0 0.5
nband 42

toldff 1.0d-8
tolmxf 1.0d-5
ionmov 2
optcell 3
ecutsm 0.5
dilatmx 1.15
