ndtset 40
            acell1     1.6061709500E+01  1.6061709500E+01  1.6061709500E+01
            acell2     1.6077755164E+01  1.6077755164E+01  1.6077755164E+01
            acell3     1.6093800828E+01  1.6093800828E+01  1.6093800828E+01
            acell4     1.6109846491E+01  1.6109846491E+01  1.6109846491E+01
            acell5     1.6125892155E+01  1.6125892155E+01  1.6125892155E+01
            acell6     1.6141937819E+01  1.6141937819E+01  1.6141937819E+01
            acell7     1.6157983483E+01  1.6157983483E+01  1.6157983483E+01
            acell8     1.6174029147E+01  1.6174029147E+01  1.6174029147E+01
            acell9     1.6190074811E+01  1.6190074811E+01  1.6190074811E+01
            acell10    1.6206120474E+01  1.6206120474E+01  1.6206120474E+01
            acell11    1.6238211802E+01  1.6238211802E+01  1.6238211802E+01
            acell12    1.6270303130E+01  1.6270303130E+01  1.6270303130E+01
            acell13    1.6302394457E+01  1.6302394457E+01  1.6302394457E+01
            acell14    1.6334485785E+01  1.6334485785E+01  1.6334485785E+01
            acell15    1.6366577113E+01  1.6366577113E+01  1.6366577113E+01
            acell16    1.6398668440E+01  1.6398668440E+01  1.6398668440E+01
            acell17    1.6430759768E+01  1.6430759768E+01  1.6430759768E+01
            acell18    1.6462851096E+01  1.6462851096E+01  1.6462851096E+01
            acell19    1.6494942423E+01  1.6494942423E+01  1.6494942423E+01
            acell20    1.6527033751E+01  1.6527033751E+01  1.6527033751E+01
            acell21    1.6575170743E+01  1.6575170743E+01  1.6575170743E+01
            acell22    1.6623307734E+01  1.6623307734E+01  1.6623307734E+01
            acell23    1.6671444726E+01  1.6671444726E+01  1.6671444726E+01
            acell24    1.6719581717E+01  1.6719581717E+01  1.6719581717E+01
            acell25    1.6767718709E+01  1.6767718709E+01  1.6767718709E+01
            acell26    1.6815855700E+01  1.6815855700E+01  1.6815855700E+01
            acell27    1.6863992692E+01  1.6863992692E+01  1.6863992692E+01
            acell28    1.6912129683E+01  1.6912129683E+01  1.6912129683E+01
            acell29    1.6960266675E+01  1.6960266675E+01  1.6960266675E+01
            acell30    1.7008403666E+01  1.7008403666E+01  1.7008403666E+01
            acell31    1.7072586322E+01  1.7072586322E+01  1.7072586322E+01
            acell32    1.7136768977E+01  1.7136768977E+01  1.7136768977E+01
            acell33    1.7200951632E+01  1.7200951632E+01  1.7200951632E+01
            acell34    1.7265134288E+01  1.7265134288E+01  1.7265134288E+01
            acell35    1.7329316943E+01  1.7329316943E+01  1.7329316943E+01
            acell36    1.7393499598E+01  1.7393499598E+01  1.7393499598E+01
            acell37    1.7457682254E+01  1.7457682254E+01  1.7457682254E+01
            acell38    1.7521864909E+01  1.7521864909E+01  1.7521864909E+01
            acell39    1.7586047564E+01  1.7586047564E+01  1.7586047564E+01
            acell40    1.7650230220E+01  1.7650230220E+01  1.7650230220E+01

            rprim      0.0000000000E+00  7.0710678119E-01  7.0710678119E-01
                       7.0710678119E-01  0.0000000000E+00  7.0710678119E-01
                       7.0710678119E-01  7.0710678119E-01  0.0000000000E+00
natom    9  
ntypat   3  
typat    1 1 2 2 2 2 2 2 3  
znucl    55 53 72  
             xred1     2.5000000000E-01  2.5000000000E-01  2.5000000000E-01
                       7.5000000000E-01  7.5000000000E-01  7.5000000000E-01
                       7.6171232535E-01  2.3828767465E-01  7.6171232535E-01
                       2.3828767465E-01  2.3828767465E-01  7.6171232535E-01
                       7.6171232535E-01  7.6171232535E-01  2.3828767465E-01
                       2.3828767465E-01  7.6171232535E-01  2.3828767465E-01
                       2.3828767465E-01  7.6171232535E-01  7.6171232535E-01
                       7.6171232535E-01  2.3828767465E-01  2.3828767465E-01
                       0.0000000000E+00  0.0000000000E+00  0.0000000000E+00
             xred2     2.5000000000E-01  2.5000000000E-01  2.5000000000E-01
                       7.5000000000E-01  7.5000000000E-01  7.5000000000E-01
                       7.6192406630E-01  2.3807593370E-01  7.6192406630E-01
                       2.3807593370E-01  2.3807593370E-01  7.6192406630E-01
                       7.6192406630E-01  7.6192406630E-01  2.3807593370E-01
                       2.3807593370E-01  7.6192406630E-01  2.3807593370E-01
                       2.3807593370E-01  7.6192406630E-01  7.6192406630E-01
                       7.6192406630E-01  2.3807593370E-01  2.3807593370E-01
                      -7.8294737454E-22 -5.1450020949E-22  7.6646130052E-22
             xred3     2.5000000000E-01  2.5000000000E-01  2.5000000000E-01
                       7.5000000000E-01  7.5000000000E-01  7.5000000000E-01
                       7.6213447249E-01  2.3786552751E-01  7.6213447249E-01
                       2.3786552751E-01  2.3786552751E-01  7.6213447249E-01
                       7.6213447249E-01  7.6213447249E-01  2.3786552751E-01
                       2.3786552751E-01  7.6213447249E-01  2.3786552751E-01
                       2.3786552751E-01  7.6213447249E-01  7.6213447249E-01
                       7.6213447249E-01  2.3786552751E-01  2.3786552751E-01
                       0.0000000000E+00  0.0000000000E+00  0.0000000000E+00
             xred4     2.5000000000E-01  2.5000000000E-01  2.5000000000E-01
                       7.5000000000E-01  7.5000000000E-01  7.5000000000E-01
                       7.6234702366E-01  2.3765297634E-01  7.6234702366E-01
                       2.3765297634E-01  2.3765297634E-01  7.6234702366E-01
                       7.6234702366E-01  7.6234702366E-01  2.3765297634E-01
                       2.3765297634E-01  7.6234702366E-01  2.3765297634E-01
                       2.3765297634E-01  7.6234702366E-01  7.6234702366E-01
                       7.6234702366E-01  2.3765297634E-01  2.3765297634E-01
                       0.0000000000E+00  0.0000000000E+00  0.0000000000E+00
             xred5     2.5000000000E-01  2.5000000000E-01  2.5000000000E-01
                       7.5000000000E-01  7.5000000000E-01  7.5000000000E-01
                       7.6255838494E-01  2.3744161506E-01  7.6255838494E-01
                       2.3744161506E-01  2.3744161506E-01  7.6255838494E-01
                       7.6255838494E-01  7.6255838494E-01  2.3744161506E-01
                       2.3744161506E-01  7.6255838494E-01  2.3744161506E-01
                       2.3744161506E-01  7.6255838494E-01  7.6255838494E-01
                       7.6255838494E-01  2.3744161506E-01  2.3744161506E-01
                       0.0000000000E+00  0.0000000000E+00  0.0000000000E+00
             xred6     2.5000000000E-01  2.5000000000E-01  2.5000000000E-01
                       7.5000000000E-01  7.5000000000E-01  7.5000000000E-01
                       7.6277225012E-01  2.3722774988E-01  7.6277225012E-01
                       2.3722774988E-01  2.3722774988E-01  7.6277225012E-01
                       7.6277225012E-01  7.6277225012E-01  2.3722774988E-01
                       2.3722774988E-01  7.6277225012E-01  2.3722774988E-01
                       2.3722774988E-01  7.6277225012E-01  7.6277225012E-01
                       7.6277225012E-01  2.3722774988E-01  2.3722774988E-01
                       0.0000000000E+00  0.0000000000E+00  0.0000000000E+00
             xred7     2.5000000000E-01  2.5000000000E-01  2.5000000000E-01
                       7.5000000000E-01  7.5000000000E-01  7.5000000000E-01
                       7.6298337012E-01  2.3701662988E-01  7.6298337012E-01
                       2.3701662988E-01  2.3701662988E-01  7.6298337012E-01
                       7.6298337012E-01  7.6298337012E-01  2.3701662988E-01
                       2.3701662988E-01  7.6298337012E-01  2.3701662988E-01
                       2.3701662988E-01  7.6298337012E-01  7.6298337012E-01
                       7.6298337012E-01  2.3701662988E-01  2.3701662988E-01
                      -3.1026555063E-21  2.6724356510E-21 -6.7866474042E-21
             xred8     2.5000000000E-01  2.5000000000E-01  2.5000000000E-01
                       7.5000000000E-01  7.5000000000E-01  7.5000000000E-01
                       7.6319581344E-01  2.3680418656E-01  7.6319581344E-01
                       2.3680418656E-01  2.3680418656E-01  7.6319581344E-01
                       7.6319581344E-01  7.6319581344E-01  2.3680418656E-01
                       2.3680418656E-01  7.6319581344E-01  2.3680418656E-01
                       2.3680418656E-01  7.6319581344E-01  7.6319581344E-01
                       7.6319581344E-01  2.3680418656E-01  2.3680418656E-01
                       1.1047326260E-20 -1.8041559968E-20 -3.3159331060E-21
             xred9     2.5000000000E-01  2.5000000000E-01  2.5000000000E-01
                       7.5000000000E-01  7.5000000000E-01  7.5000000000E-01
                       7.6340917780E-01  2.3659082220E-01  7.6340917780E-01
                       2.3659082220E-01  2.3659082220E-01  7.6340917780E-01
                       7.6340917780E-01  7.6340917780E-01  2.3659082220E-01
                       2.3659082220E-01  7.6340917780E-01  2.3659082220E-01
                       2.3659082220E-01  7.6340917780E-01  7.6340917780E-01
                       7.6340917780E-01  2.3659082220E-01  2.3659082220E-01
                       0.0000000000E+00  0.0000000000E+00  0.0000000000E+00
             xred10    2.5000000000E-01  2.5000000000E-01  2.5000000000E-01
                       7.5000000000E-01  7.5000000000E-01  7.5000000000E-01
                       7.6362083738E-01  2.3637916262E-01  7.6362083738E-01
                       2.3637916262E-01  2.3637916262E-01  7.6362083738E-01
                       7.6362083738E-01  7.6362083738E-01  2.3637916262E-01
                       2.3637916262E-01  7.6362083738E-01  2.3637916262E-01
                       2.3637916262E-01  7.6362083738E-01  7.6362083738E-01
                       7.6362083738E-01  2.3637916262E-01  2.3637916262E-01
                       0.0000000000E+00  0.0000000000E+00  0.0000000000E+00
             xred11    2.5000000000E-01  2.5000000000E-01  2.5000000000E-01
                       7.5000000000E-01  7.5000000000E-01  7.5000000000E-01
                       7.6404185527E-01  2.3595814473E-01  7.6404185527E-01
                       2.3595814473E-01  2.3595814473E-01  7.6404185527E-01
                       7.6404185527E-01  7.6404185527E-01  2.3595814473E-01
                       2.3595814473E-01  7.6404185527E-01  2.3595814473E-01
                       2.3595814473E-01  7.6404185527E-01  7.6404185527E-01
                       7.6404185527E-01  2.3595814473E-01  2.3595814473E-01
                       0.0000000000E+00  0.0000000000E+00  0.0000000000E+00
             xred12    2.5000000000E-01  2.5000000000E-01  2.5000000000E-01
                       7.5000000000E-01  7.5000000000E-01  7.5000000000E-01
                       7.6446547133E-01  2.3553452867E-01  7.6446547133E-01
                       2.3553452867E-01  2.3553452867E-01  7.6446547133E-01
                       7.6446547133E-01  7.6446547133E-01  2.3553452867E-01
                       2.3553452867E-01  7.6446547133E-01  2.3553452867E-01
                       2.3553452867E-01  7.6446547133E-01  7.6446547133E-01
                       7.6446547133E-01  2.3553452867E-01  2.3553452867E-01
                       7.9062052100E-21 -1.3934257385E-20  7.9081557558E-21
             xred13    2.5000000000E-01  2.5000000000E-01  2.5000000000E-01
                       7.5000000000E-01  7.5000000000E-01  7.5000000000E-01
                       7.6488516084E-01  2.3511483916E-01  7.6488516084E-01
                       2.3511483916E-01  2.3511483916E-01  7.6488516084E-01
                       7.6488516084E-01  7.6488516084E-01  2.3511483916E-01
                       2.3511483916E-01  7.6488516084E-01  2.3511483916E-01
                       2.3511483916E-01  7.6488516084E-01  7.6488516084E-01
                       7.6488516084E-01  2.3511483916E-01  2.3511483916E-01
                       1.1992292258E-22 -2.4173536937E-22  1.1688127629E-22
             xred14    2.5000000000E-01  2.5000000000E-01  2.5000000000E-01
                       7.5000000000E-01  7.5000000000E-01  7.5000000000E-01
                       7.6530678575E-01  2.3469321425E-01  7.6530678575E-01
                       2.3469321425E-01  2.3469321425E-01  7.6530678575E-01
                       7.6530678575E-01  7.6530678575E-01  2.3469321425E-01
                       2.3469321425E-01  7.6530678575E-01  2.3469321425E-01
                       2.3469321425E-01  7.6530678575E-01  7.6530678575E-01
                       7.6530678575E-01  2.3469321425E-01  2.3469321425E-01
                      -2.1189956504E-20 -2.8388443009E-21  2.6346430082E-21
             xred15    2.5000000000E-01  2.5000000000E-01  2.5000000000E-01
                       7.5000000000E-01  7.5000000000E-01  7.5000000000E-01
                       7.6572965507E-01  2.3427034493E-01  7.6572965507E-01
                       2.3427034493E-01  2.3427034493E-01  7.6572965507E-01
                       7.6572965507E-01  7.6572965507E-01  2.3427034493E-01
                       2.3427034493E-01  7.6572965507E-01  2.3427034493E-01
                       2.3427034493E-01  7.6572965507E-01  7.6572965507E-01
                       7.6572965507E-01  2.3427034493E-01  2.3427034493E-01
                      -1.2839950330E-21  4.5454102470E-22 -8.9650303899E-21
             xred16    2.5000000000E-01  2.5000000000E-01  2.5000000000E-01
                       7.5000000000E-01  7.5000000000E-01  7.5000000000E-01
                       7.6614843788E-01  2.3385156212E-01  7.6614843788E-01
                       2.3385156212E-01  2.3385156212E-01  7.6614843788E-01
                       7.6614843788E-01  7.6614843788E-01  2.3385156212E-01
                       2.3385156212E-01  7.6614843788E-01  2.3385156212E-01
                       2.3385156212E-01  7.6614843788E-01  7.6614843788E-01
                       7.6614843788E-01  2.3385156212E-01  2.3385156212E-01
                      -2.3271959170E-20  2.2022724280E-21  1.4927120860E-20
             xred17    2.5000000000E-01  2.5000000000E-01  2.5000000000E-01
                       7.5000000000E-01  7.5000000000E-01  7.5000000000E-01
                       7.6657363796E-01  2.3342636204E-01  7.6657363796E-01
                       2.3342636204E-01  2.3342636204E-01  7.6657363796E-01
                       7.6657363796E-01  7.6657363796E-01  2.3342636204E-01
                       2.3342636204E-01  7.6657363796E-01  2.3342636204E-01
                       2.3342636204E-01  7.6657363796E-01  7.6657363796E-01
                       7.6657363796E-01  2.3342636204E-01  2.3342636204E-01
                      -2.5158156886E-20 -1.1928834613E-21  1.7567797663E-20
             xred18    2.5000000000E-01  2.5000000000E-01  2.5000000000E-01
                       7.5000000000E-01  7.5000000000E-01  7.5000000000E-01
                       7.6700211080E-01  2.3299788920E-01  7.6700211080E-01
                       2.3299788920E-01  2.3299788920E-01  7.6700211080E-01
                       7.6700211080E-01  7.6700211080E-01  2.3299788920E-01
                       2.3299788920E-01  7.6700211080E-01  2.3299788920E-01
                       2.3299788920E-01  7.6700211080E-01  7.6700211080E-01
                       7.6700211080E-01  2.3299788920E-01  2.3299788920E-01
                       0.0000000000E+00  0.0000000000E+00  0.0000000000E+00
             xred19    2.5000000000E-01  2.5000000000E-01  2.5000000000E-01
                       7.5000000000E-01  7.5000000000E-01  7.5000000000E-01
                       7.6743083167E-01  2.3256916833E-01  7.6743083167E-01
                       2.3256916833E-01  2.3256916833E-01  7.6743083167E-01
                       7.6743083167E-01  7.6743083167E-01  2.3256916833E-01
                       2.3256916833E-01  7.6743083167E-01  2.3256916833E-01
                       2.3256916833E-01  7.6743083167E-01  7.6743083167E-01
                       7.6743083167E-01  2.3256916833E-01  2.3256916833E-01
                       0.0000000000E+00  0.0000000000E+00  0.0000000000E+00
             xred20    2.5000000000E-01  2.5000000000E-01  2.5000000000E-01
                       7.5000000000E-01  7.5000000000E-01  7.5000000000E-01
                       7.6784793850E-01  2.3215206150E-01  7.6784793850E-01
                       2.3215206150E-01  2.3215206150E-01  7.6784793850E-01
                       7.6784793850E-01  7.6784793850E-01  2.3215206150E-01
                       2.3215206150E-01  7.6784793850E-01  2.3215206150E-01
                       2.3215206150E-01  7.6784793850E-01  7.6784793850E-01
                       7.6784793850E-01  2.3215206150E-01  2.3215206150E-01
                       0.0000000000E+00  0.0000000000E+00  0.0000000000E+00
             xred21    2.5000000000E-01  2.5000000000E-01  2.5000000000E-01
                       7.5000000000E-01  7.5000000000E-01  7.5000000000E-01
                       7.6847562173E-01  2.3152437827E-01  7.6847562173E-01
                       2.3152437827E-01  2.3152437827E-01  7.6847562173E-01
                       7.6847562173E-01  7.6847562173E-01  2.3152437827E-01
                       2.3152437827E-01  7.6847562173E-01  2.3152437827E-01
                       2.3152437827E-01  7.6847562173E-01  7.6847562173E-01
                       7.6847562173E-01  2.3152437827E-01  2.3152437827E-01
                      -2.8108874886E-20  3.2037370616E-20 -1.8751056975E-20
             xred22    2.5000000000E-01  2.5000000000E-01  2.5000000000E-01
                       7.5000000000E-01  7.5000000000E-01  7.5000000000E-01
                       7.6910948066E-01  2.3089051934E-01  7.6910948066E-01
                       2.3089051934E-01  2.3089051934E-01  7.6910948066E-01
                       7.6910948066E-01  7.6910948066E-01  2.3089051934E-01
                       2.3089051934E-01  7.6910948066E-01  2.3089051934E-01
                       2.3089051934E-01  7.6910948066E-01  7.6910948066E-01
                       7.6910948066E-01  2.3089051934E-01  2.3089051934E-01
                      -3.0273376882E-22  2.4835429313E-22 -6.5993914685E-23
             xred23    2.5000000000E-01  2.5000000000E-01  2.5000000000E-01
                       7.5000000000E-01  7.5000000000E-01  7.5000000000E-01
                       7.6973577074E-01  2.3026422926E-01  7.6973577074E-01
                       2.3026422926E-01  2.3026422926E-01  7.6973577074E-01
                       7.6973577074E-01  7.6973577074E-01  2.3026422926E-01
                       2.3026422926E-01  7.6973577074E-01  2.3026422926E-01
                       2.3026422926E-01  7.6973577074E-01  7.6973577074E-01
                       7.6973577074E-01  2.3026422926E-01  2.3026422926E-01
                       9.4640315960E-24 -2.5788546584E-23 -1.6224385713E-23
             xred24    2.5000000000E-01  2.5000000000E-01  2.5000000000E-01
                       7.5000000000E-01  7.5000000000E-01  7.5000000000E-01
                       7.7035756141E-01  2.2964243859E-01  7.7035756141E-01
                       2.2964243859E-01  2.2964243859E-01  7.7035756141E-01
                       7.7035756141E-01  7.7035756141E-01  2.2964243859E-01
                       2.2964243859E-01  7.7035756141E-01  2.2964243859E-01
                       2.2964243859E-01  7.7035756141E-01  7.7035756141E-01
                       7.7035756141E-01  2.2964243859E-01  2.2964243859E-01
                       8.1933783873E-24  8.2045242506E-25  2.8259059047E-23
             xred25    2.5000000000E-01  2.5000000000E-01  2.5000000000E-01
                       7.5000000000E-01  7.5000000000E-01  7.5000000000E-01
                       7.7099409026E-01  2.2900590974E-01  7.7099409026E-01
                       2.2900590974E-01  2.2900590974E-01  7.7099409026E-01
                       7.7099409026E-01  7.7099409026E-01  2.2900590974E-01
                       2.2900590974E-01  7.7099409026E-01  2.2900590974E-01
                       2.2900590974E-01  7.7099409026E-01  7.7099409026E-01
                       7.7099409026E-01  2.2900590974E-01  2.2900590974E-01
                       0.0000000000E+00  0.0000000000E+00  0.0000000000E+00
             xred26    2.5000000000E-01  2.5000000000E-01  2.5000000000E-01
                       7.5000000000E-01  7.5000000000E-01  7.5000000000E-01
                       7.7162402231E-01  2.2837597769E-01  7.7162402231E-01
                       2.2837597769E-01  2.2837597769E-01  7.7162402231E-01
                       7.7162402231E-01  7.7162402231E-01  2.2837597769E-01
                       2.2837597769E-01  7.7162402231E-01  2.2837597769E-01
                       2.2837597769E-01  7.7162402231E-01  7.7162402231E-01
                       7.7162402231E-01  2.2837597769E-01  2.2837597769E-01
                      -3.9888526518E-21  1.3360190848E-20 -4.9886165361E-21
             xred27    2.5000000000E-01  2.5000000000E-01  2.5000000000E-01
                       7.5000000000E-01  7.5000000000E-01  7.5000000000E-01
                       7.7224528206E-01  2.2775471794E-01  7.7224528206E-01
                       2.2775471794E-01  2.2775471794E-01  7.7224528206E-01
                       7.7224528206E-01  7.7224528206E-01  2.2775471794E-01
                       2.2775471794E-01  7.7224528206E-01  2.2775471794E-01
                       2.2775471794E-01  7.7224528206E-01  7.7224528206E-01
                       7.7224528206E-01  2.2775471794E-01  2.2775471794E-01
                       0.0000000000E+00  0.0000000000E+00  0.0000000000E+00
             xred28    2.5000000000E-01  2.5000000000E-01  2.5000000000E-01
                       7.5000000000E-01  7.5000000000E-01  7.5000000000E-01
                       7.7286507223E-01  2.2713492777E-01  7.7286507223E-01
                       2.2713492777E-01  2.2713492777E-01  7.7286507223E-01
                       7.7286507223E-01  7.7286507223E-01  2.2713492777E-01
                       2.2713492777E-01  7.7286507223E-01  2.2713492777E-01
                       2.2713492777E-01  7.7286507223E-01  7.7286507223E-01
                       7.7286507223E-01  2.2713492777E-01  2.2713492777E-01
                      -6.2486567787E-21 -1.0540045151E-20  3.1382551441E-21
             xred29    2.5000000000E-01  2.5000000000E-01  2.5000000000E-01
                       7.5000000000E-01  7.5000000000E-01  7.5000000000E-01
                       7.7347716665E-01  2.2652283335E-01  7.7347716665E-01
                       2.2652283335E-01  2.2652283335E-01  7.7347716665E-01
                       7.7347716665E-01  7.7347716665E-01  2.2652283335E-01
                       2.2652283335E-01  7.7347716665E-01  2.2652283335E-01
                       2.2652283335E-01  7.7347716665E-01  7.7347716665E-01
                       7.7347716665E-01  2.2652283335E-01  2.2652283335E-01
                      -1.2168327626E-20  1.5426401881E-20  9.1841362713E-21
             xred30    2.5000000000E-01  2.5000000000E-01  2.5000000000E-01
                       7.5000000000E-01  7.5000000000E-01  7.5000000000E-01
                       7.7409335341E-01  2.2590664659E-01  7.7409335341E-01
                       2.2590664659E-01  2.2590664659E-01  7.7409335341E-01
                       7.7409335341E-01  7.7409335341E-01  2.2590664659E-01
                       2.2590664659E-01  7.7409335341E-01  2.2590664659E-01
                       2.2590664659E-01  7.7409335341E-01  7.7409335341E-01
                       7.7409335341E-01  2.2590664659E-01  2.2590664659E-01
                      -1.3456058861E-20 -8.3314560359E-21  5.4672205739E-20
             xred31    2.5000000000E-01  2.5000000000E-01  2.5000000000E-01
                       7.5000000000E-01  7.5000000000E-01  7.5000000000E-01
                       7.7491303850E-01  2.2508696150E-01  7.7491303850E-01
                       2.2508696150E-01  2.2508696150E-01  7.7491303850E-01
                       7.7491303850E-01  7.7491303850E-01  2.2508696150E-01
                       2.2508696150E-01  7.7491303850E-01  2.2508696150E-01
                       2.2508696150E-01  7.7491303850E-01  7.7491303850E-01
                       7.7491303850E-01  2.2508696150E-01  2.2508696150E-01
                       7.4610371843E-23  4.4251835069E-23 -9.5303937611E-23
             xred32    2.5000000000E-01  2.5000000000E-01  2.5000000000E-01
                       7.5000000000E-01  7.5000000000E-01  7.5000000000E-01
                       7.7573151229E-01  2.2426848771E-01  7.7573151229E-01
                       2.2426848771E-01  2.2426848771E-01  7.7573151229E-01
                       7.7573151229E-01  7.7573151229E-01  2.2426848771E-01
                       2.2426848771E-01  7.7573151229E-01  2.2426848771E-01
                       2.2426848771E-01  7.7573151229E-01  7.7573151229E-01
                       7.7573151229E-01  2.2426848771E-01  2.2426848771E-01
                       1.5709843391E-20  1.3895318350E-20 -5.9822070041E-20
             xred33    2.5000000000E-01  2.5000000000E-01  2.5000000000E-01
                       7.5000000000E-01  7.5000000000E-01  7.5000000000E-01
                       7.7655259274E-01  2.2344740726E-01  7.7655259274E-01
                       2.2344740726E-01  2.2344740726E-01  7.7655259274E-01
                       7.7655259274E-01  7.7655259274E-01  2.2344740726E-01
                       2.2344740726E-01  7.7655259274E-01  2.2344740726E-01
                       2.2344740726E-01  7.7655259274E-01  7.7655259274E-01
                       7.7655259274E-01  2.2344740726E-01  2.2344740726E-01
                       2.8497543104E-22  1.8434417815E-22 -8.2981583512E-22
             xred34    2.5000000000E-01  2.5000000000E-01  2.5000000000E-01
                       7.5000000000E-01  7.5000000000E-01  7.5000000000E-01
                       7.7735671400E-01  2.2264328600E-01  7.7735671400E-01
                       2.2264328600E-01  2.2264328600E-01  7.7735671400E-01
                       7.7735671400E-01  7.7735671400E-01  2.2264328600E-01
                       2.2264328600E-01  7.7735671400E-01  2.2264328600E-01
                       2.2264328600E-01  7.7735671400E-01  7.7735671400E-01
                       7.7735671400E-01  2.2264328600E-01  2.2264328600E-01
                       1.0643140917E-22 -2.0013490751E-22 -5.5788557339E-23
             xred35    2.5000000000E-01  2.5000000000E-01  2.5000000000E-01
                       7.5000000000E-01  7.5000000000E-01  7.5000000000E-01
                       7.7815599902E-01  2.2184400098E-01  7.7815599902E-01
                       2.2184400098E-01  2.2184400098E-01  7.7815599902E-01
                       7.7815599902E-01  7.7815599902E-01  2.2184400098E-01
                       2.2184400098E-01  7.7815599902E-01  2.2184400098E-01
                       2.2184400098E-01  7.7815599902E-01  7.7815599902E-01
                       7.7815599902E-01  2.2184400098E-01  2.2184400098E-01
                       7.2636577238E-20  1.1010806520E-20 -5.8483081861E-20
             xred36    2.5000000000E-01  2.5000000000E-01  2.5000000000E-01
                       7.5000000000E-01  7.5000000000E-01  7.5000000000E-01
                       7.7894576338E-01  2.2105423662E-01  7.7894576338E-01
                       2.2105423662E-01  2.2105423662E-01  7.7894576338E-01
                       7.7894576338E-01  7.7894576338E-01  2.2105423662E-01
                       2.2105423662E-01  7.7894576338E-01  2.2105423662E-01
                       2.2105423662E-01  7.7894576338E-01  7.7894576338E-01
                       7.7894576338E-01  2.2105423662E-01  2.2105423662E-01
                       8.3147099028E-20  7.3668540719E-22 -4.6658525591E-20
             xred37    2.5000000000E-01  2.5000000000E-01  2.5000000000E-01
                       7.5000000000E-01  7.5000000000E-01  7.5000000000E-01
                       7.7974189611E-01  2.2025810389E-01  7.7974189611E-01
                       2.2025810389E-01  2.2025810389E-01  7.7974189611E-01
                       7.7974189611E-01  7.7974189611E-01  2.2025810389E-01
                       2.2025810389E-01  7.7974189611E-01  2.2025810389E-01
                       2.2025810389E-01  7.7974189611E-01  7.7974189611E-01
                       7.7974189611E-01  2.2025810389E-01  2.2025810389E-01
                       1.3553469747E-21  7.6337263232E-23 -7.5332566164E-22
             xred38    2.5000000000E-01  2.5000000000E-01  2.5000000000E-01
                       7.5000000000E-01  7.5000000000E-01  7.5000000000E-01
                       7.8053487602E-01  2.1946512398E-01  7.8053487602E-01
                       2.1946512398E-01  2.1946512398E-01  7.8053487602E-01
                       7.8053487602E-01  7.8053487602E-01  2.1946512398E-01
                       2.1946512398E-01  7.8053487602E-01  2.1946512398E-01
                       2.1946512398E-01  7.8053487602E-01  7.8053487602E-01
                       7.8053487602E-01  2.1946512398E-01  2.1946512398E-01
                       5.7173117013E-22 -1.4334855194E-21  3.6069132515E-22
             xred39    2.5000000000E-01  2.5000000000E-01  2.5000000000E-01
                       7.5000000000E-01  7.5000000000E-01  7.5000000000E-01
                       7.8132582359E-01  2.1867417641E-01  7.8132582359E-01
                       2.1867417641E-01  2.1867417641E-01  7.8132582359E-01
                       7.8132582359E-01  7.8132582359E-01  2.1867417641E-01
                       2.1867417641E-01  7.8132582359E-01  2.1867417641E-01
                       2.1867417641E-01  7.8132582359E-01  7.8132582359E-01
                       7.8132582359E-01  2.1867417641E-01  2.1867417641E-01
                      -9.4768683342E-23  1.7727237640E-22 -1.5269910420E-22
             xred40    2.5000000000E-01  2.5000000000E-01  2.5000000000E-01
                       7.5000000000E-01  7.5000000000E-01  7.5000000000E-01
                       7.8210690313E-01  2.1789309687E-01  7.8210690313E-01
                       2.1789309687E-01  2.1789309687E-01  7.8210690313E-01
                       7.8210690313E-01  7.8210690313E-01  2.1789309687E-01
                       2.1789309687E-01  7.8210690313E-01  2.1789309687E-01
                       2.1789309687E-01  7.8210690313E-01  7.8210690313E-01
                       7.8210690313E-01  2.1789309687E-01  2.1789309687E-01
                      -5.2712203594E-24  4.9310503388E-23 -2.6764450441E-23
         
diemac 12.0
ecut 16
pawecutdg 40
ixc -101130
kptopt 1
ngkpt 4 4 4
prtden 1
iscf 17
nstep 2500
prtwf 0
nshiftk 4
shiftk  0.5 0.5 0.5
        0.5 0.0 0.0
        0.0 0.5 0.0
        0.0 0.0 0.5
nband 42
getxred1 0
getxred -1

toldff 1.0d-8
tolmxf 1.0d-5
ionmov 2
optcell 0
ecutsm 0.5
dilatmx 1.15
