ndtset 9
            acell1     1.5528347870E+01  1.5528347870E+01  1.5806767879E+01
            acell2     1.5368855168E+01  1.5368855168E+01  1.5653147700E+01
            acell3     1.5207924617E+01  1.5207924617E+01  1.5502872825E+01
            acell4     1.5047985349E+01  1.5047985349E+01  1.5350361965E+01
            acell5     1.4885509691E+01  1.4885509691E+01  1.5203832486E+01
            acell6     1.4723726215E+01  1.4723726215E+01  1.5055804606E+01
            acell7     1.4561807255E+01  1.4561807255E+01  1.4908217945E+01
            acell8     1.4399083650E+01  1.4399083650E+01  1.4762709398E+01
            acell9     1.4236834420E+01  1.4236834420E+01  1.4616222448E+01
            rprim1     0.0000000000E+00  7.1978505694E-01  6.9419699784E-01
                       7.1978505694E-01  0.0000000000E+00  6.9419699784E-01
                       7.0710678119E-01  7.0710678119E-01  0.0000000000E+00
            rprim2     0.0000000000E+00  7.2018681707E-01  6.9378018747E-01
                       7.2018681707E-01  0.0000000000E+00  6.9378018747E-01
                       7.0710678119E-01  7.0710678119E-01  0.0000000000E+00
            rprim3     0.0000000000E+00  7.2082067598E-01  6.9312160050E-01
                       7.2082067598E-01  0.0000000000E+00  6.9312160050E-01
                       7.0710678119E-01  7.0710678119E-01  0.0000000000E+00
            rprim4     0.0000000000E+00  7.2131549753E-01  6.9260663657E-01
                       7.2131549753E-01  0.0000000000E+00  6.9260663657E-01
                       7.0710678119E-01  7.0710678119E-01  0.0000000000E+00
            rprim5     0.0000000000E+00  7.2222807777E-01  6.9165497445E-01
                       7.2222807777E-01  0.0000000000E+00  6.9165497445E-01
                       7.0710678119E-01  7.0710678119E-01  0.0000000000E+00
            rprim6     0.0000000000E+00  7.2305484208E-01  6.9079063061E-01
                       7.2305484208E-01  0.0000000000E+00  6.9079063061E-01
                       7.0710678119E-01  7.0710678119E-01  0.0000000000E+00
            rprim7     0.0000000000E+00  7.2392813743E-01  6.8987538863E-01
                       7.2392813743E-01  0.0000000000E+00  6.8987538863E-01
                       7.0710678119E-01  7.0710678119E-01  0.0000000000E+00
            rprim8     0.0000000000E+00  7.2496362806E-01  6.8878714998E-01
                       7.2496362806E-01  0.0000000000E+00  6.8878714998E-01
                       7.0710678119E-01  7.0710678119E-01  0.0000000000E+00
            rprim9     0.0000000000E+00  7.2595000432E-01  6.8774747635E-01
                       7.2595000432E-01  0.0000000000E+00  6.8774747635E-01
                       7.0710678119E-01  7.0710678119E-01  0.0000000000E+00

natom    9  
ntypat   4  

            typat    1 1 4 4 2 2 2 2 3

        
znucl    55 53 40 35
             xred1     2.5000000000E-01  2.5000000000E-01  2.5000000000E-01
                       7.5000000000E-01  7.5000000000E-01  7.5000000000E-01
                       2.2964410420E-01  2.2964410420E-01  7.7035589580E-01
                       7.7035589580E-01  7.7035589580E-01  2.2964410420E-01
                       2.4466081696E-01  7.5533918305E-01  7.5533918304E-01
                       7.5533918305E-01  2.4466081695E-01  7.5533918304E-01
                       2.4466081695E-01  7.5533918305E-01  2.4466081696E-01
                       7.5533918305E-01  2.4466081695E-01  2.4466081696E-01
                       0.0000000000E+00  0.0000000000E+00  0.0000000000E+00
             xred2     2.5000000000E-01  2.5000000000E-01  2.5000000000E-01
                       7.5000000000E-01  7.5000000000E-01  7.5000000000E-01
                       2.3203445457E-01  2.3203445457E-01  7.6796554543E-01
                       7.6796554543E-01  7.6796554543E-01  2.3203445457E-01
                       2.4660599449E-01  7.5339400551E-01  7.5339400551E-01
                       7.5339400551E-01  2.4660599449E-01  7.5339400551E-01
                       2.4660599449E-01  7.5339400551E-01  2.4660599449E-01
                       7.5339400551E-01  2.4660599449E-01  2.4660599449E-01
                      -3.3453136458E-22  2.3350051450E-22  1.7490242316E-22
             xred3     2.5000000000E-01  2.5000000000E-01  2.5000000000E-01
                       7.5000000000E-01  7.5000000000E-01  7.5000000000E-01
                       2.3454325060E-01  2.3454325060E-01  7.6545674940E-01
                       7.6545674940E-01  7.6545674940E-01  2.3454325060E-01
                       2.4848650152E-01  7.5151349848E-01  7.5151349848E-01
                       7.5151349848E-01  2.4848650152E-01  7.5151349848E-01
                       2.4848650152E-01  7.5151349848E-01  2.4848650152E-01
                       7.5151349848E-01  2.4848650152E-01  2.4848650152E-01
                       0.0000000000E+00  0.0000000000E+00  0.0000000000E+00
             xred4     2.5000000000E-01  2.5000000000E-01  2.5000000000E-01
                       7.5000000000E-01  7.5000000000E-01  7.5000000000E-01
                       2.3698192976E-01  2.3698192976E-01  7.6301807024E-01
                       7.6301807024E-01  7.6301807024E-01  2.3698192976E-01
                       2.5034152047E-01  7.4965847953E-01  7.4965847953E-01
                       7.4965847953E-01  2.5034152047E-01  7.4965847953E-01
                       2.5034152047E-01  7.4965847953E-01  2.5034152047E-01
                       7.4965847953E-01  2.5034152047E-01  2.5034152047E-01
                      -2.6089757708E-22 -4.5707727915E-22  6.4981958405E-22
             xred5     2.5000000000E-01  2.5000000000E-01  2.5000000000E-01
                       7.5000000000E-01  7.5000000000E-01  7.5000000000E-01
                       2.3958251140E-01  2.3958251140E-01  7.6041748860E-01
                       7.6041748860E-01  7.6041748860E-01  2.3958251140E-01
                       2.5205468731E-01  7.4794531269E-01  7.4794531269E-01
                       7.4794531269E-01  2.5205468731E-01  7.4794531269E-01
                       2.5205468731E-01  7.4794531269E-01  2.5205468731E-01
                       7.4794531269E-01  2.5205468731E-01  2.5205468731E-01
                      -6.0075882114E-23  4.9818436482E-23  6.0681851769E-24
             xred6     2.5000000000E-01  2.5000000000E-01  2.5000000000E-01
                       7.5000000000E-01  7.5000000000E-01  7.5000000000E-01
                       2.4210722598E-01  2.4210722598E-01  7.5789277402E-01
                       7.5789277402E-01  7.5789277402E-01  2.4210722598E-01
                       2.5370850062E-01  7.4629149938E-01  7.4629149938E-01
                       7.4629149938E-01  2.5370850062E-01  7.4629149938E-01
                       2.5370850062E-01  7.4629149938E-01  2.5370850062E-01
                       7.4629149938E-01  2.5370850062E-01  2.5370850062E-01
                      -6.9003394346E-22  6.6960576415E-22  1.0258181541E-22
             xred7     2.5000000000E-01  2.5000000000E-01  2.5000000000E-01
                       7.5000000000E-01  7.5000000000E-01  7.5000000000E-01
                       2.4463253533E-01  2.4463253533E-01  7.5536746467E-01
                       7.5536746467E-01  7.5536746467E-01  2.4463253533E-01
                       2.5528604979E-01  7.4471395021E-01  7.4471395021E-01
                       7.4471395021E-01  2.5528604979E-01  7.4471395021E-01
                       2.5528604979E-01  7.4471395021E-01  2.5528604979E-01
                       7.4471395021E-01  2.5528604979E-01  2.5528604979E-01
                      -2.1808365860E-22  2.6411728185E-22  1.0978879521E-24
             xred8     2.5000000000E-01  2.5000000000E-01  2.5000000000E-01
                       7.5000000000E-01  7.5000000000E-01  7.5000000000E-01
                       2.4716444986E-01  2.4716444986E-01  7.5283555014E-01
                       7.5283555014E-01  7.5283555014E-01  2.4716444986E-01
                       2.5673854416E-01  7.4326145584E-01  7.4326145584E-01
                       7.4326145584E-01  2.5673854416E-01  7.4326145584E-01
                       2.5673854416E-01  7.4326145584E-01  2.5673854416E-01
                       7.4326145584E-01  2.5673854416E-01  2.5673854416E-01
                      -4.2722639981E-22 -1.5254871722E-21  1.1846608716E-21
             xred9     2.5000000000E-01  2.5000000000E-01  2.5000000000E-01
                       7.5000000000E-01  7.5000000000E-01  7.5000000000E-01
                       2.4960505053E-01  2.4960505053E-01  7.5039494947E-01
                       7.5039494947E-01  7.5039494947E-01  2.4960505053E-01
                       2.5810972293E-01  7.4189027707E-01  7.4189027707E-01
                       7.4189027707E-01  2.5810972293E-01  7.4189027707E-01
                       2.5810972293E-01  7.4189027707E-01  2.5810972293E-01
                       7.4189027707E-01  2.5810972293E-01  2.5810972293E-01
                      -3.5372762807E-22  1.6809949554E-22  7.8222140009E-23
         
getxred1 0
getxred -1

diemac 12.0
ecut 16
pawecutdg 40
ixc -101130
kptopt 1
ngkpt 4 4 4
prtden 1
iscf 17
nstep 2500
prtwf 0
nshiftk 4
shiftk  0.5 0.5 0.5
        0.5 0.0 0.0
        0.0 0.5 0.0
        0.0 0.0 0.5
nband 42

toldff 1.0d-8
tolmxf 1.0d-5
ionmov 2
optcell 3
ecutsm 0.5
dilatmx 1.15
