ndtset 10
            acell1     1.5257781447E+01  1.5257781447E+01  1.5280522377E+01 
            acell2     1.5098506280E+01  1.5098506280E+01  1.5136632831E+01 
            acell3     1.4941445576E+01  1.4941445576E+01  1.4988286859E+01 
            acell4     1.4785316839E+01  1.4785316839E+01  1.4838055232E+01 
            acell5     1.4632952156E+01  1.4632952156E+01  1.4680113962E+01 
            acell6     1.4481762631E+01  1.4481762631E+01  1.4519784783E+01 
            acell7     1.4332916684E+01  1.4332916684E+01  1.4354734795E+01 
            acell8     1.4184842555E+01  1.4184842555E+01  1.4188221390E+01 
            acell9     1.4037426800E+01  1.4037426800E+01  1.4020512595E+01 
            acell10    1.3891012699E+01  1.3891012699E+01  1.3850975817E+01 

            rprim1     0.0000000000E+00  7.0816068709E-01  7.0605130214E-01
                       7.0816068709E-01  0.0000000000E+00  7.0605130214E-01
                       7.0710678119E-01  7.0710678119E-01  0.0000000000E+00
            rprim2     0.0000000000E+00  7.0889235802E-01  7.0531668401E-01
                       7.0889235802E-01  0.0000000000E+00  7.0531668401E-01
                       7.0710678119E-01  7.0710678119E-01  0.0000000000E+00
            rprim3     0.0000000000E+00  7.0932355387E-01  7.0488303705E-01
                       7.0932355387E-01  0.0000000000E+00  7.0488303705E-01
                       7.0710678119E-01  7.0710678119E-01  0.0000000000E+00
            rprim4     0.0000000000E+00  7.0962899124E-01  7.0457554229E-01
                       7.0962899124E-01  0.0000000000E+00  7.0457554229E-01
                       7.0710678119E-01  7.0710678119E-01  0.0000000000E+00
            rprim5     0.0000000000E+00  7.0938577676E-01  7.0482041665E-01
                       7.0938577676E-01  0.0000000000E+00  7.0482041665E-01
                       7.0710678119E-01  7.0710678119E-01  0.0000000000E+00
            rprim6     0.0000000000E+00  7.0896330391E-01  7.0524537128E-01
                       7.0896330391E-01  0.0000000000E+00  7.0524537128E-01
                       7.0710678119E-01  7.0710678119E-01  0.0000000000E+00
            rprim7     0.0000000000E+00  7.0818316602E-01  7.0602875534E-01
                       7.0818316602E-01  0.0000000000E+00  7.0602875534E-01
                       7.0710678119E-01  7.0710678119E-01  0.0000000000E+00
            rprim8     0.0000000000E+00  7.0727521432E-01  7.0693830792E-01
                       7.0727521432E-01  0.0000000000E+00  7.0693830792E-01
                       7.0710678119E-01  7.0710678119E-01  0.0000000000E+00
            rprim9     0.0000000000E+00  7.0625476259E-01  7.0795777439E-01
                       7.0625476259E-01  0.0000000000E+00  7.0795777439E-01
                       7.0710678119E-01  7.0710678119E-01  0.0000000000E+00
            rprim10    0.0000000000E+00  7.0506874754E-01  7.0913895764E-01
                       7.0506874754E-01  0.0000000000E+00  7.0913895764E-01
                       7.0710678119E-01  7.0710678119E-01  0.0000000000E+00
natom    9  
ntypat   4  
  
            typat    1 1 2 2 4 4 4 4 3


znucl    55 53 40 35 
             xred1     2.5000000000E-01  2.5000000000E-01  2.5000000000E-01
                       7.5000000000E-01  7.5000000000E-01  7.5000000000E-01
                       2.5419863689E-01  2.5419863689E-01  7.4580136311E-01
                       7.4580136311E-01  7.4580136311E-01  2.5419863689E-01
                       2.3057537125E-01  7.6942462875E-01  7.6942462875E-01
                       7.6942462875E-01  2.3057537125E-01  7.6942462875E-01
                       2.3057537125E-01  7.6942462875E-01  2.3057537125E-01
                       7.6942462875E-01  2.3057537125E-01  2.3057537125E-01
                      -8.4364820404E-22  1.9509116792E-21 -5.7851734225E-21
             xred2     2.5000000000E-01  2.5000000000E-01  2.5000000000E-01
                       7.5000000000E-01  7.5000000000E-01  7.5000000000E-01
                       2.5652482091E-01  2.5652482091E-01  7.4347517909E-01
                       7.4347517909E-01  7.4347517909E-01  2.5652482091E-01
                       2.3259410459E-01  7.6740589541E-01  7.6740589541E-01
                       7.6740589541E-01  2.3259410459E-01  7.6740589541E-01
                       2.3259410459E-01  7.6740589541E-01  2.3259410459E-01
                       7.6740589541E-01  2.3259410459E-01  2.3259410459E-01
                      -1.6609998346E-21  6.1495800952E-22 -5.2276831805E-21
             xred3     2.5000000000E-01  2.5000000000E-01  2.5000000000E-01
                       7.5000000000E-01  7.5000000000E-01  7.5000000000E-01
                       2.5869292525E-01  2.5869292525E-01  7.4130707475E-01
                       7.4130707475E-01  7.4130707475E-01  2.5869292525E-01
                       2.3467442040E-01  7.6532557960E-01  7.6532557960E-01
                       7.6532557960E-01  2.3467442040E-01  7.6532557960E-01
                       2.3467442040E-01  7.6532557960E-01  2.3467442040E-01
                       7.6532557960E-01  2.3467442040E-01  2.3467442040E-01
                      -8.1561294997E-22  2.6643476631E-21 -6.4936287990E-21
             xred4     2.5000000000E-01  2.5000000000E-01  2.5000000000E-01
                       7.5000000000E-01  7.5000000000E-01  7.5000000000E-01
                       2.6074711925E-01  2.6074711925E-01  7.3925288075E-01
                       7.3925288075E-01  7.3925288075E-01  2.6074711925E-01
                       2.3674320047E-01  7.6325679953E-01  7.6325679953E-01
                       7.6325679953E-01  2.3674320047E-01  7.6325679953E-01
                       2.3674320047E-01  7.6325679953E-01  2.3674320047E-01
                       7.6325679953E-01  2.3674320047E-01  2.3674320047E-01
                      -8.4364820404E-22  1.9509116792E-21 -5.7851734225E-21
             xred5     2.5000000000E-01  2.5000000000E-01  2.5000000000E-01
                       7.5000000000E-01  7.5000000000E-01  7.5000000000E-01
                       2.6249958006E-01  2.6249958006E-01  7.3750041994E-01
                       7.3750041994E-01  7.3750041994E-01  2.6249958006E-01
                       2.3892324996E-01  7.6107675004E-01  7.6107675004E-01
                       7.6107675004E-01  2.3892324996E-01  7.6107675004E-01
                       2.3892324996E-01  7.6107675004E-01  2.3892324996E-01
                       7.6107675004E-01  2.3892324996E-01  2.3892324996E-01
                      -2.6265935098E-22  2.2754028712E-21 -6.2270866865E-21
             xred6     2.5000000000E-01  2.5000000000E-01  2.5000000000E-01
                       7.5000000000E-01  7.5000000000E-01  7.5000000000E-01
                       2.6408200701E-01  2.6408200701E-01  7.3591799299E-01
                       7.3591799299E-01  7.3591799299E-01  2.6408200701E-01
                       2.4110786475E-01  7.5889213525E-01  7.5889213525E-01
                       7.5889213525E-01  2.4110786475E-01  7.5889213525E-01
                       2.4110786475E-01  7.5889213525E-01  2.4110786475E-01
                       7.5889213525E-01  2.4110786475E-01  2.4110786475E-01
                      -9.7927443173E-22  2.0622023732E-21 -5.8571005436E-21
             xred7     2.5000000000E-01  2.5000000000E-01  2.5000000000E-01
                       7.5000000000E-01  7.5000000000E-01  7.5000000000E-01
                       2.6540774332E-01  2.6540774332E-01  7.3459225668E-01
                       7.3459225668E-01  7.3459225668E-01  2.6540774332E-01
                       2.4332328245E-01  7.5667671755E-01  7.5667671755E-01
                       7.5667671755E-01  2.4332328245E-01  7.5667671755E-01
                       2.4332328245E-01  7.5667671755E-01  2.4332328245E-01
                       7.5667671755E-01  2.4332328245E-01  2.4332328245E-01
                      -1.0827859310E-21  2.1920862465E-21 -5.7453297817E-21
             xred8     2.5000000000E-01  2.5000000000E-01  2.5000000000E-01
                       7.5000000000E-01  7.5000000000E-01  7.5000000000E-01
                       2.6658724528E-01  2.6658724528E-01  7.3341275472E-01
                       7.3341275472E-01  7.3341275472E-01  2.6658724528E-01
                       2.4553385162E-01  7.5446614838E-01  7.5446614838E-01
                       7.5446614838E-01  2.4553385162E-01  7.5446614838E-01
                       2.4553385162E-01  7.5446614838E-01  2.4553385162E-01
                       7.5446614838E-01  2.4553385162E-01  2.4553385162E-01
                      -1.6402822269E-21  1.5077814217E-21 -5.0572237581E-21
             xred9     2.5000000000E-01  2.5000000000E-01  2.5000000000E-01
                       7.5000000000E-01  7.5000000000E-01  7.5000000000E-01
                       2.6760845255E-01  2.6760845255E-01  7.3239154745E-01
                       7.3239154745E-01  7.3239154745E-01  2.6760845255E-01
                       2.4769933228E-01  7.5230066772E-01  7.5230066772E-01
                       7.5230066772E-01  2.4769933228E-01  7.5230066772E-01
                       2.4769933228E-01  7.5230066772E-01  2.4769933228E-01
                       7.5230066772E-01  2.4769933228E-01  2.4769933228E-01
                      -1.3416972936E-21  1.6300711186E-21 -5.2444092662E-21
             xred10    2.5000000000E-01  2.5000000000E-01  2.5000000000E-01
                       7.5000000000E-01  7.5000000000E-01  7.5000000000E-01
                       2.6845919271E-01  2.6845919271E-01  7.3154080729E-01
                       7.3154080729E-01  7.3154080729E-01  2.6845919271E-01
                       2.4984309930E-01  7.5015690070E-01  7.5015690070E-01
                       7.5015690070E-01  2.4984309930E-01  7.5015690070E-01
                       2.4984309930E-01  7.5015690070E-01  2.4984309930E-01
                       7.5015690070E-01  2.4984309930E-01  2.4984309930E-01
                      -1.0984546337E-21  1.9882855870E-21 -5.4588114396E-21
         
getxred1 0
getxred -1

diemac 12.0
ecut 16
pawecutdg 40
ixc -101130
kptopt 1
ngkpt 4 4 4
prtden 1
iscf 17
nstep 2500
prtwf 0
nshiftk 4
shiftk  0.5 0.5 0.5
        0.5 0.0 0.0
        0.0 0.5 0.0
        0.0 0.0 0.5
nband 42

toldff 1.0d-8
tolmxf 1.0d-5
ionmov 2
optcell 3
ecutsm 0.5
dilatmx 1.15
