ndtset 2
            acell1     1.4764265814E+01  1.4764265814E+01  1.4910323255E+01
            acell2     1.4764265447E+01  1.4764265447E+01  1.4910323797E+01

            rprim1     0.0000000000E+00  7.1410192801E-01  7.0004173905E-01
                       7.1410192801E-01  0.0000000000E+00  7.0004173905E-01
                       7.0710678119E-01  7.0710678119E-01  0.0000000000E+00
            rprim2     0.0000000000E+00  7.1410197172E-01  7.0004169446E-01
                       7.1410197172E-01  0.0000000000E+00  7.0004169446E-01
                       7.0710678119E-01  7.0710678119E-01  0.0000000000E+00
natom    9  
ntypat   4  
  
            typat1    1 1 2 4 4 4 4 4 3
            typat2    1 1 4 2 4 4 4 4 3

znucl    55 53 40 17
             xred1     2.4264576812E-01  2.4264576812E-01  2.5735423188E-01
                       7.4264576812E-01  7.4264576812E-01  7.5735423188E-01
                       2.6095175400E-01  2.6095175400E-01  7.3904824600E-01
                       7.6723867313E-01  7.6723867313E-01  2.3276132687E-01
                       2.2065549836E-01  7.7622206566E-01  7.7934450164E-01
                       7.7622206566E-01  2.2065549836E-01  7.7934450164E-01
                       2.2065549836E-01  7.7622206566E-01  2.2377793434E-01
                       7.7622206566E-01  2.2065549836E-01  2.2377793434E-01
                      -7.2370913971E-03 -7.2370913971E-03  7.2370913971E-03
             xred2     2.5735418844E-01  2.5735418844E-01  2.4264581156E-01
                       7.5735418844E-01  7.5735418844E-01  7.4264581156E-01
                       2.3276136256E-01  2.3276136256E-01  7.6723863744E-01
                       7.3904823801E-01  7.3904823801E-01  2.6095176199E-01
                       2.2377793744E-01  7.7934452094E-01  7.7622206256E-01
                       7.7934452094E-01  2.2377793744E-01  7.7622206256E-01
                       2.2377793744E-01  7.7934452094E-01  2.2065547906E-01
                       7.7934452094E-01  2.2377793744E-01  2.2065547906E-01
                       7.2371057795E-03  7.2371057795E-03 -7.2371057795E-03
         
diemac 12.0
ecut 16
pawecutdg 40
ixc -101130
kptopt 1
ngkpt 4 4 4
prtden 1
iscf 17
nstep 2500
prtwf 0
nshiftk 4
shiftk  0.5 0.5 0.5
        0.5 0.0 0.0
        0.0 0.5 0.0
        0.0 0.0 0.5
nband 42

toldff 1.0d-8
tolmxf 1.0d-5
ionmov 2
optcell 2
ecutsm 0.5
dilatmx 1.15
