ndtset 10
            acell1     1.5078350708E+01  1.5078350708E+01  1.5097131512E+01 
            acell2     1.4926030586E+01  1.4926030586E+01  1.4944662570E+01 
            acell3     1.4772816547E+01  1.4772816547E+01  1.4793998411E+01 
            acell4     1.4621000702E+01  1.4621000702E+01  1.4640511087E+01 
            acell5     1.4469010681E+01  1.4469010681E+01  1.4487375890E+01 
            acell6     1.4318809988E+01  1.4318809988E+01  1.4330636752E+01 
            acell7     1.4170047253E+01  1.4170047253E+01  1.4171030697E+01 
            acell8     1.4020652338E+01  1.4020652338E+01  1.4012721956E+01 
            acell9     1.3871818395E+01  1.3871818395E+01  1.3853327939E+01 
            acell10    1.3722529821E+01  1.3722529821E+01  1.3694868611E+01 

            rprim1     0.0000000000E+00  7.0798751634E-01  7.0622494766E-01
                       7.0798751634E-01  0.0000000000E+00  7.0622494766E-01
                       7.0710678119E-01  7.0710678119E-01  0.0000000000E+00
            rprim2     0.0000000000E+00  7.0798945403E-01  7.0622300514E-01
                       7.0798945403E-01  0.0000000000E+00  7.0622300514E-01
                       7.0710678119E-01  7.0710678119E-01  0.0000000000E+00
            rprim3     0.0000000000E+00  7.0812065961E-01  7.0609144693E-01
                       7.0812065961E-01  0.0000000000E+00  7.0609144693E-01
                       7.0710678119E-01  7.0710678119E-01  0.0000000000E+00
            rprim4     0.0000000000E+00  7.0805035035E-01  7.0616195123E-01
                       7.0805035035E-01  0.0000000000E+00  7.0616195123E-01
                       7.0710678119E-01  7.0710678119E-01  0.0000000000E+00
            rprim5     0.0000000000E+00  7.0800429684E-01  7.0620812489E-01
                       7.0800429684E-01  0.0000000000E+00  7.0620812489E-01
                       7.0710678119E-01  7.0710678119E-01  0.0000000000E+00
            rprim6     0.0000000000E+00  7.0769082305E-01  7.0652225653E-01
                       7.0769082305E-01  0.0000000000E+00  7.0652225653E-01
                       7.0710678119E-01  7.0710678119E-01  0.0000000000E+00
            rprim7     0.0000000000E+00  7.0715585650E-01  7.0705770247E-01
                       7.0715585650E-01  0.0000000000E+00  7.0705770247E-01
                       7.0710678119E-01  7.0710678119E-01  0.0000000000E+00
            rprim8     0.0000000000E+00  7.0670682638E-01  7.0750650990E-01
                       7.0670682638E-01  0.0000000000E+00  7.0750650990E-01
                       7.0710678119E-01  7.0710678119E-01  0.0000000000E+00
            rprim9     0.0000000000E+00  7.0616424239E-01  7.0804806530E-01
                       7.0616424239E-01  0.0000000000E+00  7.0804806530E-01
                       7.0710678119E-01  7.0710678119E-01  0.0000000000E+00
            rprim10    0.0000000000E+00  7.0568142961E-01  7.0852926538E-01
                       7.0568142961E-01  0.0000000000E+00  7.0852926538E-01
                       7.0710678119E-01  7.0710678119E-01  0.0000000000E+00
natom    9  
ntypat   4  
    
            typat    1 1 4 2 4 4 4 4 3  

       
znucl    55 53 40 35 
             xred1     2.5247377348E-01  2.5247377348E-01  2.4752622652E-01
                       7.5247377348E-01  7.5247377348E-01  7.4752622652E-01
                       2.3896200247E-01  2.3896200247E-01  7.6103799753E-01
                       7.4705116822E-01  7.4705116822E-01  2.5294883178E-01
                       2.3471119134E-01  7.6726192603E-01  7.6528880866E-01
                       7.6726192603E-01  2.3471119134E-01  7.6528880866E-01
                       2.3471119134E-01  7.6726192603E-01  2.3273807397E-01
                       7.6726192603E-01  2.3471119134E-01  2.3273807397E-01
                       5.0930475923E-03  5.0930475923E-03 -5.0930475923E-03
             xred2     2.5236591845E-01  2.5236591845E-01  2.4763408155E-01
                       7.5236591845E-01  7.5236591845E-01  7.4763408155E-01
                       2.4127003783E-01  2.4127003783E-01  7.5872996217E-01
                       7.4522888274E-01  7.4522888274E-01  2.5477111726E-01
                       2.3677984375E-01  7.6500548223E-01  7.6322015625E-01
                       7.6500548223E-01  2.3677984375E-01  7.6322015625E-01
                       2.3677984375E-01  7.6500548223E-01  2.3499451777E-01
                       7.6500548223E-01  2.3677984375E-01  2.3499451777E-01
                       5.1985905648E-03  5.1985905648E-03 -5.1985905648E-03
             xred3     2.5266230615E-01  2.5266230615E-01  2.4733769385E-01
                       7.5266230615E-01  7.5266230615E-01  7.4733769385E-01
                       2.4354325231E-01  2.4354325231E-01  7.5645674769E-01
                       7.4328415920E-01  7.4328415920E-01  2.5671584080E-01
                       2.3866812699E-01  7.6264916185E-01  7.6133187301E-01
                       7.6264916185E-01  2.3866812699E-01  7.6133187301E-01
                       2.3866812699E-01  7.6264916185E-01  2.3735083815E-01
                       7.6264916185E-01  2.3866812699E-01  2.3735083815E-01
                       5.2133985099E-03  5.2133985099E-03 -5.2133985099E-03
             xred4     2.5251037973E-01  2.5251037973E-01  2.4748962027E-01
                       7.5251037973E-01  7.5251037973E-01  7.4748962027E-01
                       2.4586070565E-01  2.4586070565E-01  7.5413929435E-01
                       7.4165590662E-01  7.4165590662E-01  2.5834409338E-01
                       2.4068085809E-01  7.6036140119E-01  7.5931914191E-01
                       7.6036140119E-01  2.4068085809E-01  7.5931914191E-01
                       2.4068085809E-01  7.6036140119E-01  2.3963859881E-01
                       7.6036140119E-01  2.4068085809E-01  2.3963859881E-01
                       5.3781097158E-03  5.3781097158E-03 -5.3781097158E-03
             xred5     2.5232783728E-01  2.5232783728E-01  2.4767216272E-01
                       7.5232783728E-01  7.5232783728E-01  7.4767216272E-01
                       2.4824576289E-01  2.4824576289E-01  7.5175423711E-01
                       7.4011413306E-01  7.4011413306E-01  2.5988586694E-01
                       2.4262106368E-01  7.5806644760E-01  7.5737893632E-01
                       7.5806644760E-01  2.4262106368E-01  7.5737893632E-01
                       2.4262106368E-01  7.5806644760E-01  2.4193355240E-01
                       7.5806644760E-01  2.4262106368E-01  2.4193355240E-01
                       5.6094069249E-03  5.6094069249E-03 -5.6094069249E-03
             xred6     2.5214170568E-01  2.5214170568E-01  2.4785829432E-01
                       7.5214170568E-01  7.5214170568E-01  7.4785829432E-01
                       2.5048060386E-01  2.5048060386E-01  7.4951939614E-01
                       7.3877337758E-01  7.3877337758E-01  2.6122662242E-01
                       2.4457286205E-01  7.5572883704E-01  7.5542713795E-01
                       7.5572883704E-01  2.4457286205E-01  7.5542713795E-01
                       2.4457286205E-01  7.5572883704E-01  2.4427116296E-01
                       7.5572883704E-01  2.4457286205E-01  2.4427116296E-01
                       5.8592090088E-03  5.8592090088E-03 -5.8592090088E-03
             xred7     2.5202622223E-01  2.5202622223E-01  2.4797377777E-01
                       7.5202622223E-01  7.5202622223E-01  7.4797377777E-01
                       2.5258703491E-01  2.5258703491E-01  7.4741296509E-01
                       7.3762191739E-01  7.3762191739E-01  2.6237808261E-01
                       2.4648782872E-01  7.5331934742E-01  7.5351217128E-01
                       7.5331934742E-01  2.4648782872E-01  7.5351217128E-01
                       2.4648782872E-01  7.5331934742E-01  2.4668065258E-01
                       7.5331934742E-01  2.4648782872E-01  2.4668065258E-01
                       6.1242509638E-03  6.1242509638E-03 -6.1242509638E-03
             xred8     2.5188241109E-01  2.5188241109E-01  2.4811758891E-01
                       7.5188241109E-01  7.5188241109E-01  7.4811758891E-01
                       2.5469082134E-01  2.5469082134E-01  7.4530917866E-01
                       7.3652994005E-01  7.3652994005E-01  2.6347005995E-01
                       2.4829889665E-01  7.5099500646E-01  7.5170110335E-01
                       7.5099500646E-01  2.4829889665E-01  7.5170110335E-01
                       2.4829889665E-01  7.5099500646E-01  2.4900499354E-01
                       7.5099500646E-01  2.4829889665E-01  2.4900499354E-01
                       6.4266102138E-03  6.4266102138E-03 -6.4266102138E-03
             xred9     2.5165079975E-01  2.5165079975E-01  2.4834920025E-01
                       7.5165079975E-01  7.5165079975E-01  7.4834920025E-01
                       2.5672408232E-01  2.5672408232E-01  7.4327591768E-01
                       7.3560298922E-01  7.3560298922E-01  2.6439701078E-01
                       2.5007951935E-01  7.4870845667E-01  7.4992048065E-01
                       7.4870845667E-01  2.5007951935E-01  7.4992048065E-01
                       2.5007951935E-01  7.4870845667E-01  2.5129154333E-01
                       7.4870845667E-01  2.5007951935E-01  2.5129154333E-01
                       6.7953769068E-03  6.7953769068E-03 -6.7953769068E-03
             xred10    2.5136055955E-01  2.5136055955E-01  2.4863944045E-01
                       7.5136055955E-01  7.5136055955E-01  7.4863944045E-01
                       2.5875988555E-01  2.5875988555E-01  7.4124011445E-01
                       7.3478696641E-01  7.3478696641E-01  2.6521303359E-01
                       2.5173576560E-01  7.4650578152E-01  7.4826423440E-01
                       7.4650578152E-01  2.5173576560E-01  7.4826423440E-01
                       2.5173576560E-01  7.4650578152E-01  2.5349421848E-01
                       7.4650578152E-01  2.5173576560E-01  2.5349421848E-01
                       7.2489347078E-03  7.2489347078E-03 -7.2489347078E-03
         
getxred1 0
getxred -1

diemac 12.0
ecut 16
pawecutdg 40
ixc -101130
kptopt 1
ngkpt 4 4 4
prtden 1
iscf 17
nstep 2500
prtwf 0
nshiftk 4
shiftk  0.5 0.5 0.5
        0.5 0.0 0.0
        0.0 0.5 0.0
        0.0 0.0 0.5
nband 42

toldff 1.0d-8
tolmxf 1.0d-5
ionmov 2
optcell 3
ecutsm 0.5
dilatmx 1.15
