ndtset 10
            acell1     1.4601374490E+01  1.4766564340E+01  1.4766564340E+01
            acell2     1.4587193392E+01  1.4751873886E+01  1.4751873886E+01
            acell3     1.4571054451E+01  1.4737808933E+01  1.4737808933E+01
            acell4     1.4557481397E+01  1.4723027191E+01  1.4723027191E+01
            acell5     1.4543779740E+01  1.4708134313E+01  1.4708134313E+01
            acell6     1.4530467161E+01  1.4693344040E+01  1.4693344040E+01
            acell7     1.4518048060E+01  1.4678152693E+01  1.4678152693E+01
            acell8     1.4503431486E+01  1.4663486429E+01  1.4663486429E+01
            acell9     1.4487771684E+01  1.4648126751E+01  1.4648126751E+01
            acell10    1.4473508970E+01  1.4633451866E+01  1.4633451866E+01

            rprim1     0.0000000000E+00  7.0710678119E-01  7.0710678119E-01
                       7.0901724180E-01 -5.9693247296E-03  7.0516587977E-01
                       7.0901724180E-01  7.0516587977E-01 -5.9693247296E-03
            rprim2     0.0000000000E+00  7.0710678119E-01  7.0710678119E-01
                       7.0903106676E-01 -5.9391410568E-03  7.0515223390E-01
                       7.0903106676E-01  7.0515223390E-01 -5.9391410568E-03
            rprim3     0.0000000000E+00  7.0710678119E-01  7.0710678119E-01
                       7.0913199994E-01 -5.9446332167E-03  7.0505068470E-01
                       7.0913199994E-01  7.0505068470E-01 -5.9446332167E-03
            rprim4     0.0000000000E+00  7.0710678119E-01  7.0710678119E-01
                       7.0913375307E-01 -5.8932836669E-03  7.0504935250E-01
                       7.0913375307E-01  7.0504935250E-01 -5.8932836669E-03
            rprim5     0.0000000000E+00  7.0710678119E-01  7.0710678119E-01
                       7.0911922762E-01 -5.8589605336E-03  7.0506424785E-01
                       7.0911922762E-01  7.0506424785E-01 -5.8589605336E-03
            rprim6     0.0000000000E+00  7.0710678119E-01  7.0710678119E-01
                       7.0912012816E-01 -5.7954205932E-03  7.0506386727E-01
                       7.0912012816E-01  7.0506386727E-01 -5.7954205932E-03
            rprim7     0.0000000000E+00  7.0710678119E-01  7.0710678119E-01
                       7.0906434602E-01 -5.7266431129E-03  7.0512052783E-01
                       7.0906434602E-01  7.0512052783E-01 -5.7266431129E-03
            rprim8     0.0000000000E+00  7.0710678119E-01  7.0710678119E-01
                       7.0908107456E-01 -5.7152313902E-03  7.0510379792E-01
                       7.0908107456E-01  7.0510379792E-01 -5.7152313902E-03
            rprim9     0.0000000000E+00  7.0710678119E-01  7.0710678119E-01
                       7.0899551199E-01 -5.8229657442E-03  7.0518895131E-01
                       7.0899551199E-01  7.0518895131E-01 -5.8229657442E-03
            rprim10    0.0000000000E+00  7.0710678119E-01  7.0710678119E-01
                       7.0901153723E-01 -5.7949307096E-03  7.0517307014E-01
                       7.0901153723E-01  7.0517307014E-01 -5.7949307096E-03
natom    9  
ntypat   4  

            typat    1 1 2 4 2 4 2 2 3
        
znucl    55 53 40 17
             xred1     2.4587773438E-01  2.5115142539E-01  2.5115142539E-01
                       7.4818058516E-01  7.4884857461E-01  7.4884857461E-01
                       2.4973898997E-01  2.5096032434E-01  7.4903967566E-01
                       7.6190975733E-01  7.7446362894E-01  2.2553637106E-01
                       2.5873252064E-01  7.4257034297E-01  7.4257034297E-01
                       7.6190975733E-01  2.2553637106E-01  7.7446362894E-01
                       2.4973898997E-01  7.4903967566E-01  2.5096032434E-01
                       7.4387320658E-01  2.5742965703E-01  2.5742965703E-01
                      -1.9961541345E-02  4.6083368183E-17  4.7034167053E-17
             xred2     2.4591664886E-01  2.5114181541E-01  2.5114181541E-01
                       7.4820027968E-01  7.4885818459E-01  7.4885818459E-01
                       2.4989714906E-01  2.5107029298E-01  7.4892970702E-01
                       7.6167773951E-01  7.7417196063E-01  2.2582803937E-01
                       2.5898313765E-01  7.4240977051E-01  7.4240977051E-01
                       7.6167773951E-01  2.2582803937E-01  7.7417196063E-01
                       2.4989714906E-01  7.4892970702E-01  2.5107029298E-01
                       7.4380267867E-01  2.5759022949E-01  2.5759022949E-01
                      -2.0052521989E-02 -2.4344161277E-17 -2.4648412360E-17
             xred3     2.4567472325E-01  2.5138423853E-01  2.5138423853E-01
                       7.4844320030E-01  7.4861576147E-01  7.4861576147E-01
                       2.5016567310E-01  2.5109083383E-01  7.4890916617E-01
                       7.6146210479E-01  7.7383736701E-01  2.2616263299E-01
                       2.5910991077E-01  7.4227915885E-01  7.4227915885E-01
                       7.6146210479E-01  2.2616263299E-01  7.7383736701E-01
                       2.5016567310E-01  7.4890916617E-01  2.5109083383E-01
                       7.4366822847E-01  2.5772084115E-01  2.5772084115E-01
                      -2.0151618546E-02  2.0239547346E-18  3.3519667458E-18
             xred4     2.4569386710E-01  2.5139919918E-01  2.5139919918E-01
                       7.4849226545E-01  7.4860080082E-01  7.4860080082E-01
                       2.5031388608E-01  2.5118753873E-01  7.4881246127E-01
                       7.6125378230E-01  7.7351771227E-01  2.2648228773E-01
                       2.5935359276E-01  7.4211478018E-01  7.4211478018E-01
                       7.6125378230E-01  2.2648228773E-01  7.7351771227E-01
                       2.5031388608E-01  7.4881246127E-01  2.5118753873E-01
                       7.4358315312E-01  2.5788521982E-01  2.5788521982E-01
                      -2.0258215152E-02  6.4498035202E-18  7.0916167326E-18
             xred5     2.4572977126E-01  2.5140828030E-01  2.5140828030E-01
                       7.4854633185E-01  7.4859171970E-01  7.4859171970E-01
                       2.5046383785E-01  2.5128335095E-01  7.4871664905E-01
                       7.6101979520E-01  7.7322630704E-01  2.2677369296E-01
                       2.5961154168E-01  7.4194671665E-01  7.4194671665E-01
                       7.6101979520E-01  2.2677369296E-01  7.7322630704E-01
                       2.5046383785E-01  7.4871664905E-01  2.5128335095E-01
                       7.4350497498E-01  2.5805328335E-01  2.5805328335E-01
                      -2.0359885842E-02 -9.2475040568E-20  9.2475040568E-20
             xred6     2.4581003151E-01  2.5137480609E-01  2.5137480609E-01
                       7.4855964369E-01  7.4862519391E-01  7.4862519391E-01
                       2.5059614463E-01  2.5139481538E-01  7.4860518462E-01
                       7.6080231433E-01  7.7290718289E-01  2.2709281711E-01
                       2.5986607435E-01  7.4178433917E-01  7.4178433917E-01
                       7.6080231433E-01  2.2709281711E-01  7.7290718289E-01
                       2.5059614463E-01  7.4860518462E-01  2.5139481538E-01
                       7.4343475270E-01  2.5821566083E-01  2.5821566083E-01
                      -2.0467420152E-02 -3.4944624977E-19  3.4944624977E-19
             xred7     2.4595524638E-01  2.5127857571E-01  2.5127857571E-01
                       7.4851239780E-01  7.4872142429E-01  7.4872142429E-01
                       2.5065177001E-01  2.5155778230E-01  7.4844221770E-01
                       7.6058674776E-01  7.7263216679E-01  2.2736783321E-01
                       2.6021249096E-01  7.4159518159E-01  7.4159518159E-01
                       7.6058674776E-01  2.2736783321E-01  7.7263216679E-01
                       2.5065177001E-01  7.4844221770E-01  2.5155778230E-01
                       7.4340285413E-01  2.5840481841E-01  2.5840481841E-01
                      -2.0560024789E-02  4.5935491064E-19 -4.5935491064E-19
             xred8     2.4592825625E-01  2.5133672457E-01  2.5133672457E-01
                       7.4860170540E-01  7.4866327543E-01  7.4866327543E-01
                       2.5085287500E-01  2.5162263457E-01  7.4837736543E-01
                       7.6034677766E-01  7.7235178320E-01  2.2764821680E-01
                       2.6042011071E-01  7.4144232387E-01  7.4144232387E-01
                       7.6034677766E-01  2.2764821680E-01  7.7235178320E-01
                       2.5085287500E-01  7.4837736543E-01  2.5162263457E-01
                       7.4330475846E-01  2.5855767613E-01  2.5855767613E-01
                      -2.0654136122E-02  2.2277371141E-19 -2.2277371141E-19
             xred9     2.4593032970E-01  2.5139672585E-01  2.5139672585E-01
                       7.4872378139E-01  7.4860327415E-01  7.4860327415E-01
                       2.5100558955E-01  2.5174216818E-01  7.4825783182E-01
                       7.5995020694E-01  7.7233731909E-01  2.2766268091E-01
                       2.6081665713E-01  7.4124788683E-01  7.4124788683E-01
                       7.5995020694E-01  2.2766268091E-01  7.7233731909E-01
                       2.5100558955E-01  7.4825783182E-01  2.5174216818E-01
                       7.4331243080E-01  2.5875211317E-01  2.5875211317E-01
                      -2.0694791979E-02  3.0610224489E-17  3.1136225813E-17
             xred10    2.4602744700E-01  2.5136405643E-01  2.5136405643E-01
                       7.4875555986E-01  7.4863594357E-01  7.4863594357E-01
                       2.5114131399E-01  2.5185379132E-01  7.4814620868E-01
                       7.5969444891E-01  7.7204736523E-01  2.2795263477E-01
                       2.6108064391E-01  7.4109484890E-01  7.4109484890E-01
                       7.5969444891E-01  2.2795263477E-01  7.7204736523E-01
                       2.5114131399E-01  7.4814620868E-01  2.5185379132E-01
                       7.4327034170E-01  2.5890515110E-01  2.5890515110E-01
                      -2.0805518225E-02  1.2951162443E-17  1.3234281196E-17
         
diemac 12.0
ecut 16
pawecutdg 40
ixc -101130
kptopt 1
ngkpt 4 4 4
prtden 1
iscf 17
nstep 2500
prtwf 0
nshiftk 4
shiftk  0.5 0.5 0.5
        0.5 0.0 0.0
        0.0 0.5 0.0
        0.0 0.0 0.5
nband 42

toldff 1.0d-8
tolmxf 1.0d-5
ionmov 2
optcell 3
ecutsm 0.5
dilatmx 1.15
