ndtset 10
            acell1     1.4769037655E+01  1.4920412059E+01  1.4739623535E+01
            acell2     1.4754144726E+01  1.4905705933E+01  1.4724766955E+01
            acell3     1.4739155316E+01  1.4890980643E+01  1.4710023204E+01
            acell4     1.4724010344E+01  1.4876305545E+01  1.4695387150E+01
            acell5     1.4708981383E+01  1.4861575987E+01  1.4680686468E+01
            acell6     1.4692675475E+01  1.4848623748E+01  1.4665621482E+01
            acell7     1.4677220851E+01  1.4834681125E+01  1.4650622681E+01
            acell8     1.4662093276E+01  1.4820285569E+01  1.4635714956E+01
            acell9     1.4646721286E+01  1.4806279463E+01  1.4620693527E+01
            acell10    1.4631161580E+01  1.4792627068E+01  1.4605535707E+01

            rprim1     0.0000000000E+00  6.9836123032E-01  7.1574547989E-01
                       7.0572696040E-01  0.0000000000E+00  7.0848391468E-01
                       7.1438303871E-01  6.9975486709E-01  0.0000000000E+00
            rprim2     0.0000000000E+00  6.9834491296E-01  7.1576140056E-01
                       7.0572733734E-01  0.0000000000E+00  7.0848353921E-01
                       7.1439936477E-01  6.9973819934E-01  0.0000000000E+00
            rprim3     0.0000000000E+00  6.9833485688E-01  7.1577121182E-01
                       7.0573755800E-01  0.0000000000E+00  7.0847335817E-01
                       7.1441928872E-01  6.9971785736E-01  0.0000000000E+00
            rprim4     0.0000000000E+00  6.9832735386E-01  7.1577853199E-01
                       7.0576020657E-01  0.0000000000E+00  7.0845079633E-01
                       7.1444898777E-01  6.9968753303E-01  0.0000000000E+00
            rprim5     0.0000000000E+00  6.9831951290E-01  7.1578618170E-01
                       7.0577437170E-01  0.0000000000E+00  7.0843668472E-01
                       7.1447063983E-01  6.9966542349E-01  0.0000000000E+00
            rprim6     0.0000000000E+00  6.9820486017E-01  7.1589801874E-01
                       7.0583199752E-01  0.0000000000E+00  7.0837927078E-01
                       7.1463959256E-01  6.9949285396E-01  0.0000000000E+00
            rprim7     0.0000000000E+00  6.9814302230E-01  7.1595832309E-01
                       7.0585243955E-01  0.0000000000E+00  7.0835890168E-01
                       7.1472019245E-01  6.9941049928E-01  0.0000000000E+00
            rprim8     0.0000000000E+00  6.9810825069E-01  7.1599222783E-01
                       7.0586167424E-01  0.0000000000E+00  7.0834969954E-01
                       7.1476327704E-01  6.9936646888E-01  0.0000000000E+00
            rprim9     0.0000000000E+00  6.9804829630E-01  7.1605067979E-01
                       7.0587718633E-01  0.0000000000E+00  7.0833424160E-01
                       7.1483714969E-01  6.9929096192E-01  0.0000000000E+00
            rprim10    0.0000000000E+00  6.9796379264E-01  7.1613304920E-01
                       7.0589522492E-01  0.0000000000E+00  7.0831626512E-01
                       7.1493747443E-01  6.9918839211E-01  0.0000000000E+00

natom    9  
ntypat   4  

typat 1 1 4 4 2 4 2 2 3
      
znucl    55 53 72 35
             xred1     2.5082972404E-01  2.5082972404E-01  2.4917027596E-01
                       7.5082972404E-01  7.5082972404E-01  7.4917027596E-01
                       7.6419745851E-01  2.4017985695E-01  7.5982014305E-01
                       2.3836947439E-01  2.3836947439E-01  7.6163052561E-01
                       7.5068024924E-01  7.5068024924E-01  2.4931975076E-01
                       2.4017985695E-01  7.6419745851E-01  2.3580254149E-01
                       2.5506604301E-01  7.4393808713E-01  7.4493395699E-01
                       7.4393808713E-01  2.5506604301E-01  2.5606191287E-01
                       5.9093826846E-03  5.9093826846E-03 -5.9093826846E-03
             xred2     2.5084702441E-01  2.5084702441E-01  2.4915297559E-01
                       7.5084702441E-01  7.5084702441E-01  7.4915297559E-01
                       7.6395511667E-01  2.4037739408E-01  7.5962260592E-01
                       2.3859337938E-01  2.3859337938E-01  7.6140662062E-01
                       7.5052861261E-01  7.5052861261E-01  2.4947138739E-01
                       2.4037739408E-01  7.6395511667E-01  2.3604488333E-01
                       2.5520089450E-01  7.4372750943E-01  7.4479910550E-01
                       7.4372750943E-01  2.5520089450E-01  2.5627249057E-01
                       5.9230445149E-03  5.9230445149E-03 -5.9230445149E-03
             xred3     2.5084893349E-01  2.5084893349E-01  2.4915106651E-01
                       7.5084893349E-01  7.5084893349E-01  7.4915106651E-01
                       7.6372758865E-01  2.4057427143E-01  7.5942572857E-01
                       2.3881752174E-01  2.3881752174E-01  7.6118247826E-01
                       7.5037278584E-01  7.5037278584E-01  2.4962721416E-01
                       2.4057427143E-01  7.6372758865E-01  2.3627241135E-01
                       2.5534202543E-01  7.4352837034E-01  7.4465797457E-01
                       7.4352837034E-01  2.5534202543E-01  2.5647162966E-01
                       5.9395695695E-03  5.9395695695E-03 -5.9395695695E-03
             xred4     2.5084923427E-01  2.5084923427E-01  2.4915076573E-01
                       7.5084923427E-01  7.5084923427E-01  7.4915076573E-01
                       7.6349387740E-01  2.4076356785E-01  7.5923643215E-01
                       2.3905068464E-01  2.3905068464E-01  7.6094931536E-01
                       7.5021798567E-01  7.5021798567E-01  2.4978201433E-01
                       2.4076356785E-01  7.6349387740E-01  2.3650612260E-01
                       2.5547712063E-01  7.4333483886E-01  7.4452287937E-01
                       7.4333483886E-01  2.5547712063E-01  2.5666516114E-01
                       5.9634563833E-03  5.9634563833E-03 -5.9634563833E-03
             xred5     2.5085295251E-01  2.5085295251E-01  2.4914704749E-01
                       7.5085295251E-01  7.5085295251E-01  7.4914704749E-01
                       7.6326716002E-01  2.4095672712E-01  7.5904327288E-01
                       2.3927523761E-01  2.3927523761E-01  7.6072476239E-01
                       7.5006113947E-01  7.5006113947E-01  2.4993886053E-01
                       2.4095672712E-01  7.6326716002E-01  2.3673283998E-01
                       2.5561774499E-01  7.4313872778E-01  7.4438225501E-01
                       7.4313872778E-01  2.5561774499E-01  2.5686127222E-01
                       5.9773579975E-03  5.9773579975E-03 -5.9773579975E-03
             xred6     2.5082339377E-01  2.5082339377E-01  2.4917660623E-01
                       7.5082339377E-01  7.5082339377E-01  7.4917660623E-01
                       7.6300888315E-01  2.4121525877E-01  7.5878474123E-01
                       2.3949129597E-01  2.3949129597E-01  7.6050870403E-01
                       7.4991836052E-01  7.4991836052E-01  2.5008163948E-01
                       2.4121525877E-01  7.6300888315E-01  2.3699111685E-01
                       2.5572339689E-01  7.4299327450E-01  7.4427660311E-01
                       7.4299327450E-01  2.5572339689E-01  2.5700672550E-01
                       6.0027426401E-03  6.0027426401E-03 -6.0027426401E-03
             xred7     2.5084540449E-01  2.5084540449E-01  2.4915459551E-01
                       7.5084540449E-01  7.5084540449E-01  7.4915459551E-01
                       7.6274409668E-01  2.4141684286E-01  7.5858315714E-01
                       2.3969737567E-01  2.3969737567E-01  7.6030262433E-01
                       7.4976187770E-01  7.4976187770E-01  2.5023812230E-01
                       2.4141684286E-01  7.6274409668E-01  2.3725590332E-01
                       2.5585770069E-01  7.4282483763E-01  7.4414229931E-01
                       7.4282483763E-01  2.5585770069E-01  2.5717516237E-01
                       6.0064597811E-03  6.0064597811E-03 -6.0064597811E-03
             xred8     2.5084843504E-01  2.5084843504E-01  2.4915156496E-01
                       7.5084843504E-01  7.5084843504E-01  7.4915156496E-01
                       7.6251648161E-01  2.4162654488E-01  7.5837345512E-01
                       2.3990577220E-01  2.3990577220E-01  7.6009422780E-01
                       7.4961355131E-01  7.4961355131E-01  2.5038644869E-01
                       2.4162654488E-01  7.6251648161E-01  2.3748351839E-01
                       2.5598888549E-01  7.4263496059E-01  7.4401111451E-01
                       7.4263496059E-01  2.5598888549E-01  2.5736503941E-01
                       6.0169338294E-03  6.0169338294E-03 -6.0169338294E-03
             xred9     2.5083505930E-01  2.5083505930E-01  2.4916494070E-01
                       7.5083505930E-01  7.5083505930E-01  7.4916494070E-01
                       7.6225961567E-01  2.4183382458E-01  7.5816617542E-01
                       2.4012922451E-01  2.4012922451E-01  7.5987077549E-01
                       7.4947662650E-01  7.4947662650E-01  2.5052337350E-01
                       2.4183382458E-01  7.6225961567E-01  2.3774038433E-01
                       2.5612279981E-01  7.4246370774E-01  7.4387720019E-01
                       7.4246370774E-01  2.5612279981E-01  2.5753629226E-01
                       6.0440825667E-03  6.0440825667E-03 -6.0440825667E-03
             xred10    2.5080729140E-01  2.5080729140E-01  2.4919270860E-01
                       7.5080729140E-01  7.5080729140E-01  7.4919270860E-01
                       7.6200881315E-01  2.4207355517E-01  7.5792644483E-01
                       2.4035173214E-01  2.4035173214E-01  7.5964826786E-01
                       7.4934704533E-01  7.4934704533E-01  2.5065295467E-01
                       2.4207355517E-01  7.6200881315E-01  2.3799118685E-01
                       2.5623844061E-01  7.4228961367E-01  7.4376155939E-01
                       7.4228961367E-01  2.5623844061E-01  2.5771038633E-01
                       6.0762171173E-03  6.0762171173E-03 -6.0762171173E-03
         
getxred1 0
getxred -1

diemac 12.0
ecut 16
pawecutdg 40
ixc -101130
kptopt 1
ngkpt 4 4 4
prtden 1
iscf 17
nstep 50
prtwf 0
nshiftk 4
shiftk  0.5 0.5 0.5
        0.5 0.0 0.0
        0.0 0.5 0.0
        0.0 0.0 0.5
nband 42

toldff 1.0d-8
tolmxf 1.0d-5
ionmov 2
optcell 3
ecutsm 0.5
dilatmx 1.15
