ndtset 10
            acell1     1.5280891701E+01  1.5152558974E+01  1.5460009124E+01
            acell2     1.5145882349E+01  1.4988223827E+01  1.5295833374E+01
            acell3     1.5009071163E+01  1.4825637044E+01  1.5131844743E+01
            acell4     1.4865759558E+01  1.4662068010E+01  1.4976093619E+01
            acell5     1.4721259568E+01  1.4500901413E+01  1.4818925527E+01
            acell6     1.4572218011E+01  1.4340209290E+01  1.4666063482E+01
            acell7     1.4418338873E+01  1.4183912127E+01  1.4513203786E+01
            acell8     1.4258643940E+01  1.4029153988E+01  1.4364703883E+01
            acell9     1.4097767019E+01  1.3876952035E+01  1.4214498571E+01
            acell10    1.3931200635E+01  1.3725745396E+01  1.4069293778E+01

            rprim1     0.0000000000E+00  7.2121657104E-01  6.9270964888E-01
                       7.1553540706E-01  0.0000000000E+00  6.9857646772E-01
                       7.0130569565E-01  7.1286066048E-01  0.0000000000E+00
            rprim2     0.0000000000E+00  7.2132143523E-01  6.9260045270E-01
                       7.1425476674E-01  0.0000000000E+00  6.9988579654E-01
                       6.9989062064E-01  7.1425003965E-01  0.0000000000E+00
            rprim3     0.0000000000E+00  7.2136002220E-01  6.9256026335E-01
                       7.1303430284E-01  0.0000000000E+00  7.0112914856E-01
                       6.9860535535E-01  7.1550720295E-01  0.0000000000E+00
            rprim4     0.0000000000E+00  7.2184330550E-01  6.9205653115E-01
                       7.1250122278E-01  0.0000000000E+00  7.0167086838E-01
                       6.9756116993E-01  7.1652523626E-01  0.0000000000E+00
            rprim5     0.0000000000E+00  7.2215858839E-01  6.9172752816E-01
                       7.1194114545E-01  0.0000000000E+00  7.0223913691E-01
                       6.9666240937E-01  7.1739911302E-01  0.0000000000E+00
            rprim6     0.0000000000E+00  7.2267234910E-01  6.9119076661E-01
                       7.1180861940E-01  0.0000000000E+00  7.0237346857E-01
                       6.9599348106E-01  7.1804810028E-01  0.0000000000E+00
            rprim7     0.0000000000E+00  7.2299921102E-01  6.9084885529E-01
                       7.1191369658E-01  0.0000000000E+00  7.0226696392E-01
                       6.9576100931E-01  7.1827335877E-01  0.0000000000E+00
            rprim8     0.0000000000E+00  7.2348547255E-01  6.9033960557E-01
                       7.1253926924E-01  0.0000000000E+00  7.0163223258E-01
                       6.9589482746E-01  7.1814371062E-01  0.0000000000E+00
            rprim9     0.0000000000E+00  7.2377819548E-01  6.9003269760E-01
                       7.1314874649E-01  0.0000000000E+00  7.0101274267E-01
                       6.9621386217E-01  7.1783442250E-01  0.0000000000E+00
            rprim10    0.0000000000E+00  7.2429326686E-01  6.8949203300E-01
                       7.1432632095E-01  0.0000000000E+00  6.9981276582E-01
                       6.9688367917E-01  7.1718417280E-01  0.0000000000E+00
natom    9  
ntypat   4  

            typat 1 1 4 4 2 4 2 2 3
      
znucl    55 53 40 17
             xred1     2.4917170776E-01  2.5082829224E-01  2.4917170776E-01
                       7.4917170776E-01  7.5082829224E-01  7.4917170776E-01
                       2.1395896039E-01  2.2485218411E-01  7.7514781589E-01
                       7.7514781589E-01  7.8604103961E-01  2.1395896039E-01
                       2.5256967954E-01  7.4743032046E-01  7.4667253201E-01
                       7.8034300170E-01  2.1965699830E-01  7.8034300170E-01
                       2.4185350496E-01  7.5814649504E-01  2.4185350496E-01
                       7.4667253201E-01  2.5332746799E-01  2.5256967954E-01
                      -8.8889099886E-03  8.8889099886E-03 -8.8889099886E-03
             xred2     2.4949869351E-01  2.5050130649E-01  2.4949869351E-01
                       7.4949869351E-01  7.5050130649E-01  7.4949869351E-01
                       2.1545861860E-01  2.2731861867E-01  7.7268138133E-01
                       7.7268138133E-01  7.8454138140E-01  2.1545861860E-01
                       2.5590610595E-01  7.4409389405E-01  7.4475450464E-01
                       7.7815986001E-01  2.2184013999E-01  7.7815986001E-01
                       2.4321253577E-01  7.5678746423E-01  2.4321253577E-01
                       7.4475450464E-01  2.5524549536E-01  2.5590610595E-01
                      -9.1703932923E-03  9.1703932923E-03 -9.1703932923E-03
             xred3     2.5007490232E-01  2.4992509768E-01  2.5007490232E-01
                       7.5007490232E-01  7.4992509768E-01  7.5007490232E-01
                       2.1664758269E-01  2.3012917835E-01  7.6987082165E-01
                       7.6987082165E-01  7.8335241731E-01  2.1664758269E-01
                       2.5935689955E-01  7.4064310045E-01  7.4311917164E-01
                       7.7584736009E-01  2.2415263991E-01  7.7584736009E-01
                       2.4452839190E-01  7.5547160810E-01  2.4452839190E-01
                       7.4311917164E-01  2.5688082836E-01  2.5935689955E-01
                      -9.5200321290E-03  9.5200321290E-03 -9.5200321290E-03
             xred4     2.5000543121E-01  2.4999456879E-01  2.5000543121E-01
                       7.5000543121E-01  7.4999456879E-01  7.5000543121E-01
                       2.1894626442E-01  2.3229515017E-01  7.6770484983E-01
                       7.6770484983E-01  7.8105373558E-01  2.1894626442E-01
                       2.6218511863E-01  7.3781488137E-01  7.4125912345E-01
                       7.7373462551E-01  2.2626537449E-01  7.7373462551E-01
                       2.4587267783E-01  7.5412732217E-01  2.4587267783E-01
                       7.4125912345E-01  2.5874087655E-01  2.6218511863E-01
                      -9.7135220651E-03  9.7135220651E-03 -9.7135220651E-03
             xred5     2.5016045441E-01  2.4983954559E-01  2.5016045441E-01
                       7.5016045441E-01  7.4983954559E-01  7.5016045441E-01
                       2.2086139317E-01  2.3478070171E-01  7.6521929829E-01
                       7.6521929829E-01  7.7913860683E-01  2.2086139317E-01
                       2.6517320507E-01  7.3482679493E-01  7.3973567941E-01
                       7.7147880998E-01  2.2852119002E-01  7.7147880998E-01
                       2.4718911390E-01  7.5281088610E-01  2.4718911390E-01
                       7.3973567941E-01  2.6026432059E-01  2.6517320507E-01
                      -9.9784086169E-03  9.9784086169E-03 -9.9784086169E-03
             xred6     2.5049437575E-01  2.4950562425E-01  2.5049437575E-01
                       7.5049437575E-01  7.4950562425E-01  7.5049437575E-01
                       2.2296566057E-01  2.3736694200E-01  7.6263305800E-01
                       7.6263305800E-01  7.7703433943E-01  2.2296566057E-01
                       2.6788077120E-01  7.3211922880E-01  7.3834829113E-01
                       7.6914116099E-01  2.3085883901E-01  7.6914116099E-01
                       2.4837002801E-01  7.5162997199E-01  2.4837002801E-01
                       7.3834829113E-01  2.6165170887E-01  2.6788077120E-01
                      -1.0327721366E-02  1.0327721366E-02 -1.0327721366E-02
             xred7     2.5062169603E-01  2.4937830397E-01  2.5062169603E-01
                       7.5062169603E-01  7.4937830397E-01  7.5062169603E-01
                       2.2541870388E-01  2.3958219467E-01  7.6041780533E-01
                       7.6041780533E-01  7.7458129612E-01  2.2541870388E-01
                       2.7025465529E-01  7.2974534471E-01  7.3706675615E-01
                       7.6664741839E-01  2.3335258161E-01  7.6664741839E-01
                       2.4964615831E-01  7.5035384169E-01  2.4964615831E-01
                       7.3706675615E-01  2.6293324385E-01  2.7025465529E-01
                      -1.0694889396E-02  1.0694889396E-02 -1.0694889396E-02
             xred8     2.5068426384E-01  2.4931573616E-01  2.5068426384E-01
                       7.5068426384E-01  7.4931573616E-01  7.5068426384E-01
                       2.2823543071E-01  2.4167728235E-01  7.5832271765E-01
                       7.5832271765E-01  7.7176456929E-01  2.2823543071E-01
                       2.7220820428E-01  7.2779179572E-01  7.3592946602E-01
                       7.6412868602E-01  2.3587131398E-01  7.6412868602E-01
                       2.5089319139E-01  7.4910680861E-01  2.5089319139E-01
                       7.3592946602E-01  2.6407053398E-01  2.7220820428E-01
                      -1.1086223741E-02  1.1086223741E-02 -1.1086223741E-02
             xred9     2.5087630187E-01  2.4912369813E-01  2.5087630187E-01
                       7.5087630187E-01  7.4912369813E-01  7.5087630187E-01
                       2.3088672458E-01  2.4378519077E-01  7.5621480923E-01
                       7.5621480923E-01  7.6911327542E-01  2.3088672458E-01
                       2.7408333151E-01  7.2591666849E-01  7.3497178616E-01
                       7.6150913227E-01  2.3849086773E-01  7.6150913227E-01
                       2.5212124714E-01  7.4787875286E-01  2.5212124714E-01
                       7.3497178616E-01  2.6502821384E-01  2.7408333151E-01
                      -1.1539634602E-02  1.1539634602E-02 -1.1539634602E-02
             xred10    2.5104650245E-01  2.4895349755E-01  2.5104650245E-01
                       7.5104650245E-01  7.4895349755E-01  7.5104650245E-01
                       2.3391341508E-01  2.4584784742E-01  7.5415215258E-01
                       7.5415215258E-01  7.6608658492E-01  2.3391341508E-01
                       2.7552832826E-01  7.2447167174E-01  7.3420708391E-01
                       7.5885274239E-01  2.4114725761E-01  7.5885274239E-01
                       2.5330529470E-01  7.4669470530E-01  2.5330529470E-01
                       7.3420708391E-01  2.6579291609E-01  2.7552832826E-01
                      -1.2052021804E-02  1.2052021804E-02 -1.2052021804E-02
         
diemac 12.0
ecut 16
pawecutdg 40
ixc -101130
kptopt 1
ngkpt 12 12 12
prtden 1
iscf 17
nstep 2500
prtwf 0
nshiftk 1
shiftk 0 0 0
nband 42
toldfe 1.0d-8
