ndtset 10
            acell1     1.4587878460E+01  1.4587878460E+01  1.4748132604E+01
            acell2     1.4573158056E+01  1.4573158056E+01  1.4733625095E+01
            acell3     1.4558286313E+01  1.4558286313E+01  1.4719445523E+01
            acell4     1.4543346862E+01  1.4543346862E+01  1.4705412997E+01
            acell5     1.4528326857E+01  1.4528326857E+01  1.4691555629E+01
            acell6     1.4513432321E+01  1.4513432321E+01  1.4677426515E+01
            acell7     1.4497996622E+01  1.4497996622E+01  1.4664473445E+01
            acell8     1.4483026697E+01  1.4483026697E+01  1.4650509472E+01
            acell9     1.4468109601E+01  1.4468109601E+01  1.4636431027E+01
            acell10    1.4453340087E+01  1.4453340087E+01  1.4622031672E+01

            rprim1     0.0000000000E+00  7.1487465453E-01  6.9925262124E-01
                       7.1487465453E-01  0.0000000000E+00  6.9925262124E-01
                       7.0710678119E-01  7.0710678119E-01  0.0000000000E+00
            rprim2     0.0000000000E+00  7.1489283077E-01  6.9923403844E-01
                       7.1489283077E-01  0.0000000000E+00  6.9923403844E-01
                       7.0710678119E-01  7.0710678119E-01  0.0000000000E+00
            rprim3     0.0000000000E+00  7.1493440376E-01  6.9919153193E-01
                       7.1493440376E-01  0.0000000000E+00  6.9919153193E-01
                       7.0710678119E-01  7.0710678119E-01  0.0000000000E+00
            rprim4     0.0000000000E+00  7.1498653985E-01  6.9913821797E-01
                       7.1498653985E-01  0.0000000000E+00  6.9913821797E-01
                       7.0710678119E-01  7.0710678119E-01  0.0000000000E+00
            rprim5     0.0000000000E+00  7.1505127288E-01  6.9907201142E-01
                       7.1505127288E-01  0.0000000000E+00  6.9907201142E-01
                       7.0710678119E-01  7.0710678119E-01  0.0000000000E+00
            rprim6     0.0000000000E+00  7.1509671797E-01  6.9902552454E-01
                       7.1509671797E-01  0.0000000000E+00  6.9902552454E-01
                       7.0710678119E-01  7.0710678119E-01  0.0000000000E+00
            rprim7     0.0000000000E+00  7.1522630929E-01  6.9889292921E-01
                       7.1522630929E-01  0.0000000000E+00  6.9889292921E-01
                       7.0710678119E-01  7.0710678119E-01  0.0000000000E+00
            rprim8     0.0000000000E+00  7.1528381548E-01  6.9883407423E-01
                       7.1528381548E-01  0.0000000000E+00  6.9883407423E-01
                       7.0710678119E-01  7.0710678119E-01  0.0000000000E+00
            rprim9     0.0000000000E+00  7.1533323408E-01  6.9878348880E-01
                       7.1533323408E-01  0.0000000000E+00  6.9878348880E-01
                       7.0710678119E-01  7.0710678119E-01  0.0000000000E+00
            rprim10    0.0000000000E+00  7.1535974991E-01  6.9875634395E-01
                       7.1535974991E-01  0.0000000000E+00  6.9875634395E-01
                       7.0710678119E-01  7.0710678119E-01  0.0000000000E+00
natom    9  
ntypat   4  
                      
            typat    1 1 2 4 2 2 2 2 3
      
znucl    55 53 40 35 
             xred1     2.4954265464E-01  2.4954265464E-01  2.5045734536E-01
                       7.4954265464E-01  7.4954265464E-01  7.5045734536E-01
                       2.5430443692E-01  2.5430443692E-01  7.4569556308E-01
                       7.5221198150E-01  7.5221198150E-01  2.4778801850E-01
                       2.5655913550E-01  7.4446974610E-01  7.4344086450E-01
                       7.4446974610E-01  2.5655913550E-01  7.4344086450E-01
                       2.5655913550E-01  7.4446974610E-01  2.5553025390E-01
                       7.4446974610E-01  2.5655913550E-01  2.5553025390E-01
                      -7.6594909029E-03 -7.6594909029E-03  7.6594909029E-03
             xred2     2.4955149851E-01  2.4955149851E-01  2.5044850149E-01
                       7.4955149851E-01  7.4955149851E-01  7.5044850149E-01
                       2.5443007690E-01  2.5443007690E-01  7.4556992310E-01
                       7.5198340101E-01  7.5198340101E-01  2.4801659899E-01
                       2.5673414098E-01  7.4435780653E-01  7.4326585902E-01
                       7.4435780653E-01  2.5673414098E-01  7.4326585902E-01
                       2.5673414098E-01  7.4435780653E-01  2.5564219347E-01
                       7.4435780653E-01  2.5673414098E-01  2.5564219347E-01
                      -7.7003699628E-03 -7.7003699628E-03  7.7003699628E-03
             xred3     2.4957542197E-01  2.4957542197E-01  2.5042457803E-01
                       7.4957542197E-01  7.4957542197E-01  7.5042457803E-01
                       2.5456720852E-01  2.5456720852E-01  7.4543279148E-01
                       7.5173172129E-01  7.5173172129E-01  2.4826827871E-01
                       2.5689981984E-01  7.4425415317E-01  7.4310018016E-01
                       7.4425415317E-01  2.5689981984E-01  7.4310018016E-01
                       2.5689981984E-01  7.4425415317E-01  2.5574584683E-01
                       7.4425415317E-01  2.5689981984E-01  2.5574584683E-01
                      -7.7577197548E-03 -7.7577197548E-03  7.7577197548E-03
             xred4     2.4960336132E-01  2.4960336132E-01  2.5039663868E-01
                       7.4960336132E-01  7.4960336132E-01  7.5039663868E-01
                       2.5469894029E-01  2.5469894029E-01  7.4530105971E-01
                       7.5147093800E-01  7.5147093800E-01  2.4852906200E-01
                       2.5706540163E-01  7.4415412943E-01  7.4293459837E-01
                       7.4415412943E-01  2.5706540163E-01  7.4293459837E-01
                       2.5706540163E-01  7.4415412943E-01  2.5584587057E-01
                       7.4415412943E-01  2.5706540163E-01  2.5584587057E-01
                      -7.8156630467E-03 -7.8156630467E-03  7.8156630467E-03
             xred5     2.4963344712E-01  2.4963344712E-01  2.5036655288E-01
                       7.4963344712E-01  7.4963344712E-01  7.5036655288E-01
                       2.5483301635E-01  2.5483301635E-01  7.4516698365E-01
                       7.5122015667E-01  7.5122015667E-01  2.4877984333E-01
                       2.5722135267E-01  7.4404899253E-01  7.4277864733E-01
                       7.4404899253E-01  2.5722135267E-01  7.4277864733E-01
                       2.5722135267E-01  7.4404899253E-01  2.5595100747E-01
                       7.4404899253E-01  2.5722135267E-01  2.5595100747E-01
                      -7.8607576719E-03 -7.8607576719E-03  7.8607576719E-03
             xred6     2.4965334621E-01  2.4965334621E-01  2.5034665379E-01
                       7.4965334621E-01  7.4965334621E-01  7.5034665379E-01
                       2.5496103009E-01  2.5496103009E-01  7.4503896991E-01
                       7.5097718444E-01  7.5097718444E-01  2.4902281556E-01
                       2.5738707673E-01  7.4394730102E-01  7.4261292327E-01
                       7.4394730102E-01  2.5738707673E-01  7.4261292327E-01
                       2.5738707673E-01  7.4394730102E-01  2.5605269898E-01
                       7.4394730102E-01  2.5738707673E-01  2.5605269898E-01
                      -7.9136624575E-03 -7.9136624575E-03  7.9136624575E-03
             xred7     2.4967843941E-01  2.4967843941E-01  2.5032156059E-01
                       7.4967843941E-01  7.4967843941E-01  7.5032156059E-01
                       2.5512750079E-01  2.5512750079E-01  7.4487249921E-01
                       7.5069319868E-01  7.5069319868E-01  2.4930680132E-01
                       2.5752509405E-01  7.4386989943E-01  7.4247490595E-01
                       7.4386989943E-01  2.5752509405E-01  7.4247490595E-01
                       2.5752509405E-01  7.4386989943E-01  2.5613010057E-01
                       7.4386989943E-01  2.5752509405E-01  2.5613010057E-01
                      -7.9675652603E-03 -7.9675652603E-03  7.9675652603E-03
             xred8     2.4971506012E-01  2.4971506012E-01  2.5028493988E-01
                       7.4971506012E-01  7.4971506012E-01  7.5028493988E-01
                       2.5525407141E-01  2.5525407141E-01  7.4474592859E-01
                       7.5043079626E-01  7.5043079626E-01  2.4956920374E-01
                       2.5768483163E-01  7.4377374147E-01  7.4231516837E-01
                       7.4377374147E-01  2.5768483163E-01  7.4231516837E-01
                       2.5768483163E-01  7.4377374147E-01  2.5622625853E-01
                       7.4377374147E-01  2.5768483163E-01  2.5622625853E-01
                      -8.0321341042E-03 -8.0321341042E-03  8.0321341042E-03
             xred9     2.4973884322E-01  2.4973884322E-01  2.5026115678E-01
                       7.4973884322E-01  7.4973884322E-01  7.5026115678E-01
                       2.5538161681E-01  2.5538161681E-01  7.4461838319E-01
                       7.5017778606E-01  7.5017778606E-01  2.4982221394E-01
                       2.5784797087E-01  7.4367867476E-01  7.4215202913E-01
                       7.4367867476E-01  2.5784797087E-01  7.4215202913E-01
                       2.5784797087E-01  7.4367867476E-01  2.5632132524E-01
                       7.4367867476E-01  2.5784797087E-01  2.5632132524E-01
                      -8.0903805762E-03 -8.0903805762E-03  8.0903805762E-03
             xred10    2.4976255433E-01  2.4976255433E-01  2.5023744567E-01
                       7.4976255433E-01  7.4976255433E-01  7.5023744567E-01
                       2.5549952021E-01  2.5549952021E-01  7.4450047979E-01
                       7.4993767025E-01  7.4993767025E-01  2.5006232975E-01
                       2.5801479587E-01  7.4357777387E-01  7.4198520413E-01
                       7.4357777387E-01  2.5801479587E-01  7.4198520413E-01
                       2.5801479587E-01  7.4357777387E-01  2.5642222613E-01
                       7.4357777387E-01  2.5801479587E-01  2.5642222613E-01
                      -8.1474386002E-03 -8.1474386002E-03  8.1474386002E-03
         
getxred1 0
getxred -1

diemac 12.0
ecut 16
pawecutdg 40
ixc -101130
kptopt 1
ngkpt 4 4 4
prtden 1
iscf 17
nstep 2500
prtwf 0
nshiftk 4
shiftk  0.5 0.5 0.5
        0.5 0.0 0.0
        0.0 0.5 0.0
        0.0 0.0 0.5
nband 42

toldff 1.0d-8
tolmxf 1.0d-5
ionmov 2
optcell 3
ecutsm 0.5
dilatmx 1.15
