# 
# Partial phonon density of states for q along a band structure path
# 
# Energy in Ha      , DOS in states/Ha
# Gaussian method with smearing =     0.2278167626E-04Ha      , nq =      71
# 
# omega     PHDOS 
#
   0.00000000E+00   2.27460811E+05
   4.55633525E-06   2.55349277E+05
   9.11267051E-06   2.81436048E+05
   1.36690058E-05   3.05224039E+05
   1.82253410E-05   3.26430330E+05
   2.27816763E-05   3.44980935E+05
   2.73380115E-05   3.61010845E+05
   3.18943468E-05   3.74885072E+05
   3.64506820E-05   3.87246574E+05
   4.10070173E-05   3.99085199E+05
   4.55633525E-05   4.11811836E+05
   5.01196878E-05   4.27315367E+05
   5.46760230E-05   4.47976148E+05
   5.92323583E-05   4.76607754E+05
   6.37886935E-05   5.16299021E+05
   6.83450288E-05   5.70134564E+05
   7.29013640E-05   6.40788975E+05
   7.74576993E-05   7.30021180E+05
   8.20140345E-05   8.38137970E+05
   8.65703698E-05   9.63538174E+05
   9.11267051E-05   1.10247328E+06
   9.56830403E-05   1.24914874E+06
   1.00239376E-04   1.39623392E+06
   1.04795711E-04   1.53575555E+06
   1.09352046E-04   1.66024323E+06
   1.13908381E-04   1.76391118E+06
   1.18464717E-04   1.84362869E+06
   1.23021052E-04   1.89946815E+06
   1.27577387E-04   1.93471810E+06
   1.32133722E-04   1.95538036E+06
   1.36690058E-04   1.96929629E+06
   1.41246393E-04   1.98512955E+06
   1.45802728E-04   2.01144665E+06
   1.50359063E-04   2.05607874E+06
   1.54915399E-04   2.12583491E+06
   1.59471734E-04   2.22650496E+06
   1.64028069E-04   2.36297927E+06
   1.68584404E-04   2.53926630E+06
   1.73140740E-04   2.75822544E+06
   1.77697075E-04   3.02095017E+06
   1.82253410E-04   3.32589951E+06
   1.86809745E-04   3.66802793E+06
   1.91366081E-04   4.03824759E+06
   1.95922416E-04   4.42353168E+06
   2.00478751E-04   4.80783045E+06
   2.05035086E-04   5.17375736E+06
   2.09591422E-04   5.50477586E+06
   2.14147757E-04   5.78744709E+06
   2.18704092E-04   6.01324120E+06
   2.23260427E-04   6.17949011E+06
   2.27816763E-04   6.28925193E+06
   2.32373098E-04   6.35011693E+06
   2.36929433E-04   6.37224213E+06
   2.41485768E-04   6.36608716E+06
   2.46042104E-04   6.34038395E+06
   2.50598439E-04   6.30078938E+06
   2.55154774E-04   6.24946551E+06
   2.59711109E-04   6.18556880E+06
   2.64267445E-04   6.10639004E+06
   2.68823780E-04   6.00874511E+06
   2.73380115E-04   5.89021464E+06
   2.77936450E-04   5.74995572E+06
   2.82492786E-04   5.58900341E+06
   2.87049121E-04   5.41016351E+06
   2.91605456E-04   5.21770194E+06
   2.96161791E-04   5.01703221E+06
   3.00718127E-04   4.81451081E+06
   3.05274462E-04   4.61732509E+06
   3.09830797E-04   4.43336030E+06
   3.14387132E-04   4.27090162E+06
   3.18943468E-04   4.13806829E+06
   3.23499803E-04   4.04196888E+06
   3.28056138E-04   3.98767228E+06
   3.32612473E-04   3.97717701E+06
   3.37168809E-04   4.00860912E+06
   3.41725144E-04   4.07587653E+06
   3.46281479E-04   4.16894861E+06
   3.50837814E-04   4.27481791E+06
   3.55394150E-04   4.37905082E+06
   3.59950485E-04   4.46767895E+06
   3.64506820E-04   4.52906945E+06
   3.69063155E-04   4.55538506E+06
   3.73619491E-04   4.54332531E+06
   3.78175826E-04   4.49401142E+06
   3.82732161E-04   4.41208754E+06
   3.87288496E-04   4.30429143E+06
   3.91844832E-04   4.17784413E+06
   3.96401167E-04   4.03900108E+06
   4.00957502E-04   3.89201742E+06
   4.05513837E-04   3.73865288E+06
   4.10070173E-04   3.57822275E+06
   4.14626508E-04   3.40811714E+06
   4.19182843E-04   3.22466315E+06
   4.23739179E-04   3.02417946E+06
   4.28295514E-04   2.80405618E+06
   4.32851849E-04   2.56368301E+06
   4.37408184E-04   2.30505573E+06
   4.41964520E-04   2.03293010E+06
   4.46520855E-04   1.75446915E+06
   4.51077190E-04   1.47843296E+06
   4.55633525E-04   1.21406428E+06
   4.60189861E-04   9.69894955E+05
   4.64746196E-04   7.52714157E+05
   4.69302531E-04   5.66893532E+05
   4.73858866E-04   4.14172000E+05
   4.78415202E-04   2.93893233E+05
   4.82971537E-04   2.03594386E+05
   4.87527872E-04   1.39787921E+05
   4.92084207E-04   9.87667218E+04
   4.96640543E-04   7.72879542E+04
   5.01196878E-04   7.30367685E+04
   5.05753213E-04   8.48203684E+04
   5.10309548E-04   1.12486255E+05
   5.14865884E-04   1.56593863E+05
   5.19422219E-04   2.17899861E+05
   5.23978554E-04   2.96747174E+05
   5.28534889E-04   3.92473810E+05
   5.33091225E-04   5.02970980E+05
   5.37647560E-04   6.24508457E+05
   5.42203895E-04   7.51900513E+05
   5.46760230E-04   8.79010707E+05
   5.51316566E-04   9.99505024E+05
   5.55872901E-04   1.10768778E+06
   5.60429236E-04   1.19922130E+06
   5.64985571E-04   1.27155573E+06
   5.69541907E-04   1.32397601E+06
   5.74098242E-04   1.35728472E+06
   5.78654577E-04   1.37324423E+06
   5.83210912E-04   1.37396323E+06
   5.87767248E-04   1.36141020E+06
   5.92323583E-04   1.33717280E+06
   5.96879918E-04   1.30248303E+06
   6.01436253E-04   1.25843143E+06
   6.05992589E-04   1.20623448E+06
   6.10548924E-04   1.14741724E+06
   6.15105259E-04   1.08382603E+06
   6.19661594E-04   1.01746892E+06
   6.24217930E-04   9.50262452E+05
   6.28774265E-04   8.83809736E+05
   6.33330600E-04   8.19328924E+05
   6.37886935E-04   7.57796367E+05
   6.42443271E-04   7.00283557E+05
   6.46999606E-04   6.48383023E+05
   6.51555941E-04   6.04565168E+05
   6.56112276E-04   5.72305266E+05
   6.60668612E-04   5.55871041E+05
   6.65224947E-04   5.59753191E+05
   6.69781282E-04   5.87828631E+05
   6.74337617E-04   6.42438563E+05
   6.78893953E-04   7.23613405E+05
   6.83450288E-04   8.28666835E+05
   6.88006623E-04   9.52309862E+05
   6.92562958E-04   1.08731796E+06
   6.97119294E-04   1.22564903E+06
   7.01675629E-04   1.35979299E+06
   7.06231964E-04   1.48406674E+06
   7.10788299E-04   1.59556868E+06
   7.15344635E-04   1.69457250E+06
   7.19900970E-04   1.78425296E+06
   7.24457305E-04   1.86976840E+06
   7.29013640E-04   1.95685049E+06
   7.33569976E-04   2.05015297E+06
   7.38126311E-04   2.15167557E+06
   7.42682646E-04   2.25959705E+06
   7.47238981E-04   2.36781176E+06
   7.51795317E-04   2.46635768E+06
   7.56351652E-04   2.54275417E+06
   7.60907987E-04   2.58405935E+06
   7.65464322E-04   2.57926137E+06
   7.70020658E-04   2.52149546E+06
   7.74576993E-04   2.40958214E+06
   7.79133328E-04   2.24852534E+06
   7.83689663E-04   2.04885915E+06
   7.88245999E-04   1.82501364E+06
   7.92802334E-04   1.59309643E+06
   7.97358669E-04   1.36858981E+06
   8.01915004E-04   1.16442194E+06
   8.06471340E-04   9.89715422E+05
   8.11027675E-04   8.49310116E+05
   8.15584010E-04   7.43971147E+05
   8.20140345E-04   6.71076486E+05
   8.24696681E-04   6.25547529E+05
   8.29253016E-04   6.00823535E+05
   8.33809351E-04   5.89752240E+05
   8.38365687E-04   5.85339082E+05
   8.42922022E-04   5.81343705E+05
   8.47478357E-04   5.72729203E+05
   8.52034692E-04   5.55965587E+05
   8.56591028E-04   5.29178692E+05
   8.61147363E-04   4.92132526E+05
   8.65703698E-04   4.46043037E+05
