ndtset 9
            acell1     1.4384706481E+01  1.4384706481E+01  1.4747893610E+01
            acell2     1.4369309462E+01  1.4369309462E+01  1.4735550327E+01
            acell3     1.4354095397E+01  1.4354095397E+01  1.4722767050E+01
            acell4     1.4339183546E+01  1.4339183546E+01  1.4709251409E+01
            acell5     1.4324353198E+01  1.4324353198E+01  1.4695538553E+01
            acell6     1.4309261839E+01  1.4309261839E+01  1.4682462993E+01
            acell7     1.4294258083E+01  1.4294258083E+01  1.4669175878E+01
            acell8     1.4279408026E+01  1.4279408026E+01  1.4655514888E+01
            acell9     1.4264520704E+01  1.4264520704E+01  1.4641946082E+01

            rprim1     0.0000000000E+00  7.2495991442E-01  6.8879105866E-01
                       7.2495991442E-01  0.0000000000E+00  6.8879105866E-01
                       7.0710678119E-01  7.0710678119E-01  0.0000000000E+00
            rprim2     0.0000000000E+00  7.2512931732E-01  6.8861271638E-01
                       7.2512931732E-01  0.0000000000E+00  6.8861271638E-01
                       7.0710678119E-01  7.0710678119E-01  0.0000000000E+00
            rprim3     0.0000000000E+00  7.2526816430E-01  6.8846647693E-01
                       7.2526816430E-01  0.0000000000E+00  6.8846647693E-01
                       7.0710678119E-01  7.0710678119E-01  0.0000000000E+00
            rprim4     0.0000000000E+00  7.2535590210E-01  6.8837403735E-01
                       7.2535590210E-01  0.0000000000E+00  6.8837403735E-01
                       7.0710678119E-01  7.0710678119E-01  0.0000000000E+00
            rprim5     0.0000000000E+00  7.2542995973E-01  6.8829599268E-01
                       7.2542995973E-01  0.0000000000E+00  6.8829599268E-01
                       7.0710678119E-01  7.0710678119E-01  0.0000000000E+00
            rprim6     0.0000000000E+00  7.2554889716E-01  6.8817061680E-01
                       7.2554889716E-01  0.0000000000E+00  6.8817061680E-01
                       7.0710678119E-01  7.0710678119E-01  0.0000000000E+00
            rprim7     0.0000000000E+00  7.2565317329E-01  6.8806066019E-01
                       7.2565317329E-01  0.0000000000E+00  6.8806066019E-01
                       7.0710678119E-01  7.0710678119E-01  0.0000000000E+00
            rprim8     0.0000000000E+00  7.2573134262E-01  6.8797821066E-01
                       7.2573134262E-01  0.0000000000E+00  6.8797821066E-01
                       7.0710678119E-01  7.0710678119E-01  0.0000000000E+00
            rprim9     0.0000000000E+00  7.2581614051E-01  6.8788874840E-01
                       7.2581614051E-01  0.0000000000E+00  6.8788874840E-01
                       7.0710678119E-01  7.0710678119E-01  0.0000000000E+00

natom    9  
ntypat   4  

            typat    1 1 4 4 2 2 2 2 3

        
znucl    55 53 40 35
             xred1     2.5000000000E-01  2.5000000000E-01  2.5000000000E-01
                       7.5000000000E-01  7.5000000000E-01  7.5000000000E-01
                       2.4735344254E-01  2.4735344254E-01  7.5264655746E-01
                       7.5264655746E-01  7.5264655746E-01  2.4735344254E-01
                       2.5688935242E-01  7.4311064758E-01  7.4311064758E-01
                       7.4311064758E-01  2.5688935242E-01  7.4311064758E-01
                       2.5688935242E-01  7.4311064758E-01  2.5688935242E-01
                       7.4311064758E-01  2.5688935242E-01  2.5688935242E-01
                      -4.2722639981E-22 -1.5254871722E-21  1.1846608716E-21
             xred2     2.5000000000E-01  2.5000000000E-01  2.5000000000E-01
                       7.5000000000E-01  7.5000000000E-01  7.5000000000E-01
                       2.4761191324E-01  2.4761191324E-01  7.5238808676E-01
                       7.5238808676E-01  7.5238808676E-01  2.4761191324E-01
                       2.5700018330E-01  7.4299981670E-01  7.4299981670E-01
                       7.4299981670E-01  2.5700018330E-01  7.4299981670E-01
                       2.5700018330E-01  7.4299981670E-01  2.5700018330E-01
                       7.4299981670E-01  2.5700018330E-01  2.5700018330E-01
                      -6.9701523851E-22 -1.4143930696E-21  1.1993848221E-21
             xred3     2.5000000000E-01  2.5000000000E-01  2.5000000000E-01
                       7.5000000000E-01  7.5000000000E-01  7.5000000000E-01
                       2.4785549522E-01  2.4785549522E-01  7.5214450478E-01
                       7.5214450478E-01  7.5214450478E-01  2.4785549522E-01
                       2.5712048971E-01  7.4287951029E-01  7.4287951029E-01
                       7.4287951029E-01  2.5712048971E-01  7.4287951029E-01
                       2.5712048971E-01  7.4287951029E-01  2.5712048971E-01
                       7.4287951029E-01  2.5712048971E-01  2.5712048971E-01
                       3.0979805267E-23  1.1449405808E-21 -2.0404166112E-22
             xred4     2.5000000000E-01  2.5000000000E-01  2.5000000000E-01
                       7.5000000000E-01  7.5000000000E-01  7.5000000000E-01
                       2.4808487078E-01  2.4808487078E-01  7.5191512922E-01
                       7.5191512922E-01  7.5191512922E-01  2.4808487078E-01
                       2.5724677751E-01  7.4275322249E-01  7.4275322249E-01
                       7.4275322249E-01  2.5724677751E-01  7.4275322249E-01
                       2.5724677751E-01  7.4275322249E-01  2.5724677751E-01
                       7.4275322249E-01  2.5724677751E-01  2.5724677751E-01
                      -4.6006179061E-22 -1.4282082841E-21  1.1492511492E-21
             xred5     2.5000000000E-01  2.5000000000E-01  2.5000000000E-01
                       7.5000000000E-01  7.5000000000E-01  7.5000000000E-01
                       2.4830059904E-01  2.4830059904E-01  7.5169940096E-01
                       7.5169940096E-01  7.5169940096E-01  2.4830059904E-01
                       2.5737702119E-01  7.4262297881E-01  7.4262297881E-01
                       7.4262297881E-01  2.5737702119E-01  7.4262297881E-01
                       2.5737702119E-01  7.4262297881E-01  2.5737702119E-01
                       7.4262297881E-01  2.5737702119E-01  2.5737702119E-01
                      -3.8992097138E-22 -1.4754587798E-21  1.1523935692E-21
             xred6     2.5000000000E-01  2.5000000000E-01  2.5000000000E-01
                       7.5000000000E-01  7.5000000000E-01  7.5000000000E-01
                       2.4853559916E-01  2.4853559916E-01  7.5146440084E-01
                       7.5146440084E-01  7.5146440084E-01  2.4853559916E-01
                       2.5749429356E-01  7.4250570644E-01  7.4250570644E-01
                       7.4250570644E-01  2.5749429356E-01  7.4250570644E-01
                       2.5749429356E-01  7.4250570644E-01  2.5749429356E-01
                       7.4250570644E-01  2.5749429356E-01  2.5749429356E-01
                      -4.2722639981E-22 -1.5254871722E-21  1.1846608716E-21
             xred7     2.5000000000E-01  2.5000000000E-01  2.5000000000E-01
                       7.5000000000E-01  7.5000000000E-01  7.5000000000E-01
                       2.4876819309E-01  2.4876819309E-01  7.5123180691E-01
                       7.5123180691E-01  7.5123180691E-01  2.4876819309E-01
                       2.5761708751E-01  7.4238291249E-01  7.4238291249E-01
                       7.4238291249E-01  2.5761708751E-01  7.4238291249E-01
                       2.5761708751E-01  7.4238291249E-01  2.5761708751E-01
                       7.4238291249E-01  2.5761708751E-01  2.5761708751E-01
                      -4.7159088946E-22 -1.3738871950E-21  1.0718714424E-21
             xred8     2.5000000000E-01  2.5000000000E-01  2.5000000000E-01
                       7.5000000000E-01  7.5000000000E-01  7.5000000000E-01
                       2.4898691344E-01  2.4898691344E-01  7.5101308656E-01
                       7.5101308656E-01  7.5101308656E-01  2.4898691344E-01
                       2.5774577331E-01  7.4225422669E-01  7.4225422669E-01
                       7.4225422669E-01  2.5774577331E-01  7.4225422669E-01
                       2.5774577331E-01  7.4225422669E-01  2.5774577331E-01
                       7.4225422669E-01  2.5774577331E-01  2.5774577331E-01
                       7.1860494646E-22 -1.5914886891E-21  5.7407993983E-22
             xred9     2.5000000000E-01  2.5000000000E-01  2.5000000000E-01
                       7.5000000000E-01  7.5000000000E-01  7.5000000000E-01
                       2.4920917568E-01  2.4920917568E-01  7.5079082432E-01
                       7.5079082432E-01  7.5079082432E-01  2.4920917568E-01
                       2.5787053722E-01  7.4212946278E-01  7.4212946278E-01
                       7.4212946278E-01  2.5787053722E-01  7.4212946278E-01
                       2.5787053722E-01  7.4212946278E-01  2.5787053722E-01
                       7.4212946278E-01  2.5787053722E-01  2.5787053722E-01
                       8.1829425701E-22 -2.5856263216E-21  1.0301818581E-21
         
getxred1 0
getxred -1

diemac 12.0
ecut 16
pawecutdg 40
ixc -101130
kptopt 1
ngkpt 4 4 4
prtden 1
iscf 17
nstep 2500
prtwf 0
nshiftk 4
shiftk  0.5 0.5 0.5
        0.5 0.0 0.0
        0.0 0.5 0.0
        0.0 0.0 0.5
nband 42

toldff 1.0d-8
tolmxf 1.0d-5
ionmov 2
optcell 3
ecutsm 0.5
dilatmx 1.15
