ndtset 10
            acell1     1.4767358706E+01  1.4791042901E+01  1.4767358706E+01
            acell2     1.4752266755E+01  1.4776863840E+01  1.4752266755E+01
            acell3     1.4737653810E+01  1.4761715651E+01  1.4737653810E+01
            acell4     1.4722782770E+01  1.4747089665E+01  1.4722782770E+01
            acell5     1.4708176284E+01  1.4731928450E+01  1.4708176284E+01
            acell6     1.4692885063E+01  1.4718152772E+01  1.4692885063E+01
            acell7     1.4678017007E+01  1.4703520857E+01  1.4678017007E+01
            acell8     1.4663939584E+01  1.4687288969E+01  1.4663939584E+01
            acell9     1.4648977758E+01  1.4672846584E+01  1.4648977758E+01
            acell10    1.4634428765E+01  1.4657569145E+01  1.4634428765E+01

            rprim1     0.0000000000E+00  7.0597088691E-01  7.0824085369E-01
                       7.0710678119E-01  0.0000000000E+00  7.0710678119E-01
                       7.0824085369E-01  7.0597088691E-01  0.0000000000E+00
            rprim2     0.0000000000E+00  7.0592582273E-01  7.0828577057E-01
                       7.0710678119E-01  0.0000000000E+00  7.0710678119E-01
                       7.0828577057E-01  7.0592582273E-01  0.0000000000E+00
            rprim3     0.0000000000E+00  7.0595041559E-01  7.0826125880E-01
                       7.0710678119E-01  0.0000000000E+00  7.0710678119E-01
                       7.0826125880E-01  7.0595041559E-01  0.0000000000E+00
            rprim4     0.0000000000E+00  7.0593743742E-01  7.0827419439E-01
                       7.0710678119E-01  0.0000000000E+00  7.0710678119E-01
                       7.0827419439E-01  7.0593743742E-01  0.0000000000E+00
            rprim5     0.0000000000E+00  7.0596303064E-01  7.0824868470E-01
                       7.0710678119E-01  0.0000000000E+00  7.0710678119E-01
                       7.0824868470E-01  7.0596303064E-01  0.0000000000E+00
            rprim6     0.0000000000E+00  7.0588865771E-01  7.0832280982E-01
                       7.0710678119E-01  0.0000000000E+00  7.0710678119E-01
                       7.0832280982E-01  7.0588865771E-01  0.0000000000E+00
            rprim7     0.0000000000E+00  7.0587600628E-01  7.0833541756E-01
                       7.0710678119E-01  0.0000000000E+00  7.0710678119E-01
                       7.0833541756E-01  7.0587600628E-01  0.0000000000E+00
            rprim8     0.0000000000E+00  7.0597905964E-01  7.0823270706E-01
                       7.0710678119E-01  0.0000000000E+00  7.0710678119E-01
                       7.0823270706E-01  7.0597905964E-01  0.0000000000E+00
            rprim9     0.0000000000E+00  7.0595275157E-01  7.0825893044E-01
                       7.0710678119E-01  0.0000000000E+00  7.0710678119E-01
                       7.0825893044E-01  7.0595275157E-01  0.0000000000E+00
            rprim10    0.0000000000E+00  7.0598691281E-01  7.0822487880E-01
                       7.0710678119E-01  0.0000000000E+00  7.0710678119E-01
                       7.0822487880E-01  7.0598691281E-01  0.0000000000E+00
natom    9  
ntypat   4  
typat    1 1 2 4 4 4 4 4 3      
znucl    55 53 72 35
             xred1     2.5248241074E-01  2.4751758926E-01  2.5248241074E-01
                       7.5248241074E-01  7.4751758926E-01  7.5248241074E-01
                       7.4446671184E-01  2.5553328816E-01  7.4446671184E-01
                       2.3731807068E-01  2.3543061262E-01  7.6456938738E-01
                       7.6456938738E-01  7.6268192932E-01  2.3731807068E-01
                       2.4175018136E-01  7.5824981864E-01  2.4175018136E-01
                       2.3731807068E-01  7.6268192932E-01  7.6456938738E-01
                       7.6456938738E-01  2.3543061262E-01  2.3731807068E-01
                       5.0433691873E-03 -5.0433691873E-03  5.0433691873E-03
             xred2     2.5246489673E-01  2.4753510327E-01  2.5246489673E-01
                       7.5246489673E-01  7.4753510327E-01  7.5246489673E-01
                       7.4427354433E-01  2.5572645567E-01  7.4427354433E-01
                       2.3750106638E-01  2.3562976750E-01  7.6437023250E-01
                       7.6437023250E-01  7.6249893362E-01  2.3750106638E-01
                       2.4199834442E-01  7.5800165558E-01  2.4199834442E-01
                       2.3750106638E-01  7.6249893362E-01  7.6437023250E-01
                       7.6437023250E-01  2.3562976750E-01  2.3750106638E-01
                       5.0557200365E-03 -5.0557200365E-03  5.0557200365E-03
             xred3     2.5246162136E-01  2.4753837864E-01  2.5246162136E-01
                       7.5246162136E-01  7.4753837864E-01  7.5246162136E-01
                       7.4411288960E-01  2.5588711040E-01  7.4411288960E-01
                       2.3770073988E-01  2.3586007580E-01  7.6413992420E-01
                       7.6413992420E-01  7.6229926012E-01  2.3770073988E-01
                       2.4221499426E-01  7.5778500574E-01  2.4221499426E-01
                       2.3770073988E-01  7.6229926012E-01  7.6413992420E-01
                       7.6413992420E-01  2.3586007580E-01  2.3770073988E-01
                       5.0675452602E-03 -5.0675452602E-03  5.0675452602E-03
             xred4     2.5243568689E-01  2.4756431311E-01  2.5243568689E-01
                       7.5243568689E-01  7.4756431311E-01  7.5243568689E-01
                       7.4394203749E-01  2.5605796251E-01  7.4394203749E-01
                       2.3789623423E-01  2.3607282757E-01  7.6392717243E-01
                       7.6392717243E-01  7.6210376577E-01  2.3789623423E-01
                       2.4245594945E-01  7.5754405055E-01  2.4245594945E-01
                       2.3789623423E-01  7.6210376577E-01  7.6392717243E-01
                       7.6392717243E-01  2.3607282757E-01  2.3789623423E-01
                       5.0838259642E-03 -5.0838259642E-03  5.0838259642E-03
             xred5     2.5246835955E-01  2.4753164045E-01  2.5246835955E-01
                       7.5246835955E-01  7.4753164045E-01  7.5246835955E-01
                       7.4376722922E-01  2.5623277078E-01  7.4376722922E-01
                       2.3809465119E-01  2.3630854131E-01  7.6369145869E-01
                       7.6369145869E-01  7.6190534881E-01  2.3809465119E-01
                       2.4264705248E-01  7.5735294752E-01  2.4264705248E-01
                       2.3809465119E-01  7.6190534881E-01  7.6369145869E-01
                       7.6369145869E-01  2.3630854131E-01  2.3809465119E-01
                       5.0767794515E-03 -5.0767794515E-03  5.0767794515E-03
             xred6     2.5239246899E-01  2.4760753101E-01  2.5239246899E-01
                       7.5239246899E-01  7.4760753101E-01  7.5239246899E-01
                       7.4358762582E-01  2.5641237418E-01  7.4358762582E-01
                       2.3829012449E-01  2.3649608037E-01  7.6350391963E-01
                       7.6350391963E-01  7.6170987551E-01  2.3829012449E-01
                       2.4292786650E-01  7.5707213350E-01  2.4292786650E-01
                       2.3829012449E-01  7.6170987551E-01  7.6350391963E-01
                       7.6350391963E-01  2.3649608037E-01  2.3829012449E-01
                       5.1114814579E-03 -5.1114814579E-03  5.1114814579E-03
             xred7     2.5239741164E-01  2.4760258836E-01  2.5239741164E-01
                       7.5239741164E-01  7.4760258836E-01  7.5239741164E-01
                       7.4341151820E-01  2.5658848180E-01  7.4341151820E-01
                       2.3847516474E-01  2.3672117163E-01  7.6327882837E-01
                       7.6327882837E-01  7.6152483526E-01  2.3847516474E-01
                       2.4316229616E-01  7.5683770384E-01  2.4316229616E-01
                       2.3847516474E-01  7.6152483526E-01  7.6327882837E-01
                       7.6327882837E-01  2.3672117163E-01  2.3847516474E-01
                       5.1233761158E-03 -5.1233761158E-03  5.1233761158E-03
             xred8     2.5244917581E-01  2.4755082419E-01  2.5244917581E-01
                       7.5244917581E-01  7.4755082419E-01  7.5244917581E-01
                       7.4327001930E-01  2.5672998070E-01  7.4327001930E-01
                       2.3867621459E-01  2.3698081737E-01  7.6301918263E-01
                       7.6301918263E-01  7.6132378541E-01  2.3867621459E-01
                       2.4332449005E-01  7.5667550995E-01  2.4332449005E-01
                       2.3867621459E-01  7.6132378541E-01  7.6301918263E-01
                       7.6301918263E-01  2.3698081737E-01  2.3867621459E-01
                       5.1163445966E-03 -5.1163445966E-03  5.1163445966E-03
             xred9     2.5241159349E-01  2.4758840651E-01  2.5241159349E-01
                       7.5241159349E-01  7.4758840651E-01  7.5241159349E-01
                       7.4309903259E-01  2.5690096741E-01  7.4309903259E-01
                       2.3887142807E-01  2.3718611073E-01  7.6281388927E-01
                       7.6281388927E-01  7.6112857193E-01  2.3887142807E-01
                       2.4357379177E-01  7.5642620823E-01  2.4357379177E-01
                       2.3887142807E-01  7.6112857193E-01  7.6281388927E-01
                       7.6281388927E-01  2.3718611073E-01  2.3887142807E-01
                       5.1333539774E-03 -5.1333539774E-03  5.1333539774E-03
             xred10    2.5241764418E-01  2.4758235582E-01  2.5241764418E-01
                       7.5241764418E-01  7.4758235582E-01  7.5241764418E-01
                       7.4294464015E-01  2.5705535985E-01  7.4294464015E-01
                       2.3907713318E-01  2.3741835574E-01  7.6258164426E-01
                       7.6258164426E-01  7.6092286682E-01  2.3907713318E-01
                       2.4376822549E-01  7.5623177451E-01  2.4376822549E-01
                       2.3907713318E-01  7.6092286682E-01  7.6258164426E-01
                       7.6258164426E-01  2.3741835574E-01  2.3907713318E-01
                       5.1342911048E-03 -5.1342911048E-03  5.1342911048E-03

diemac 12.0
ecut 16
pawecutdg 40
ixc -101130
kptopt 1
ngkpt 12 12 12
prtden 1
iscf 17
nstep 2500
prtwf 0
nshiftk 1
shiftk 0 0 0
nband 42
toldfe 1.0d-8
