ndtset 10
            acell1     1.4562881509E+01  1.5072485996E+01  1.4562881509E+01
            acell2     1.4548250792E+01  1.5057538625E+01  1.4548250792E+01
            acell3     1.4532574765E+01  1.5045346766E+01  1.4532574765E+01
            acell4     1.4517246772E+01  1.5032241647E+01  1.4517246772E+01
            acell5     1.4502012161E+01  1.5018892643E+01  1.4502012161E+01
            acell6     1.4486790253E+01  1.5005512562E+01  1.4486790253E+01
            acell7     1.4471124384E+01  1.4993314478E+01  1.4471124384E+01
            acell8     1.4455525303E+01  1.4980945682E+01  1.4455525303E+01
            acell9     1.4439818416E+01  1.4968871272E+01  1.4439818416E+01
            acell10    1.4424044912E+01  1.4956983241E+01  1.4424044912E+01

            rprim1     0.0000000000E+00  6.8146485518E-01  7.3185083942E-01
                       7.0710678119E-01  0.0000000000E+00  7.0710678119E-01
                       7.3185083942E-01  6.8146485518E-01  0.0000000000E+00
            rprim2     0.0000000000E+00  6.8145465950E-01  7.3186033302E-01
                       7.0710678119E-01  0.0000000000E+00  7.0710678119E-01
                       7.3186033302E-01  6.8145465950E-01  0.0000000000E+00
            rprim3     0.0000000000E+00  6.8124385475E-01  7.3205656227E-01
                       7.0710678119E-01  0.0000000000E+00  7.0710678119E-01
                       7.3205656227E-01  6.8124385475E-01  0.0000000000E+00
            rprim4     0.0000000000E+00  6.8109917037E-01  7.3219117731E-01
                       7.0710678119E-01  0.0000000000E+00  7.0710678119E-01
                       7.3219117731E-01  6.8109917037E-01  0.0000000000E+00
            rprim5     0.0000000000E+00  6.8097198234E-01  7.3230946960E-01
                       7.0710678119E-01  0.0000000000E+00  7.0710678119E-01
                       7.3230946960E-01  6.8097198234E-01  0.0000000000E+00
            rprim6     0.0000000000E+00  6.8084680502E-01  7.3242585160E-01
                       7.0710678119E-01  0.0000000000E+00  7.0710678119E-01
                       7.3242585160E-01  6.8084680502E-01  0.0000000000E+00
            rprim7     0.0000000000E+00  6.8063497348E-01  7.3262270841E-01
                       7.0710678119E-01  0.0000000000E+00  7.0710678119E-01
                       7.3262270841E-01  6.8063497348E-01  0.0000000000E+00
            rprim8     0.0000000000E+00  6.8043519942E-01  7.3280825554E-01
                       7.0710678119E-01  0.0000000000E+00  7.0710678119E-01
                       7.3280825554E-01  6.8043519942E-01  0.0000000000E+00
            rprim9     0.0000000000E+00  6.8021345260E-01  7.3301409188E-01
                       7.0710678119E-01  0.0000000000E+00  7.0710678119E-01
                       7.3301409188E-01  6.8021345260E-01  0.0000000000E+00
            rprim10    0.0000000000E+00  6.7997758405E-01  7.3323289969E-01
                       7.0710678119E-01  0.0000000000E+00  7.0710678119E-01
                       7.3323289969E-01  6.7997758405E-01  0.0000000000E+00
                       
natom    9  
ntypat   4  

typat    1 1 4 2 2 4 2 2 3 
        
znucl    55 53 72 17

             xred1     2.5000000000E-01  2.5000000000E-01  2.5000000000E-01
                       7.5000000000E-01  7.5000000000E-01  7.5000000000E-01
                       7.6920185184E-01  2.3079814816E-01  7.6920185184E-01
                       2.5286407932E-01  2.5286407932E-01  7.4713592068E-01
                       7.4713592068E-01  7.4713592068E-01  2.5286407932E-01
                       2.3079814816E-01  7.6920185184E-01  2.3079814816E-01
                       2.5286407932E-01  7.4713592068E-01  7.4713592068E-01
                       7.4713592068E-01  2.5286407932E-01  2.5286407932E-01
                       7.7167141090E-21 -2.0648627824E-20 -2.0799743563E-20
             xred2     2.5000000000E-01  2.5000000000E-01  2.5000000000E-01
                       7.5000000000E-01  7.5000000000E-01  7.5000000000E-01
                       7.6898726938E-01  2.3101273062E-01  7.6898726938E-01
                       2.5304037003E-01  2.5304037003E-01  7.4695962997E-01
                       7.4695962997E-01  7.4695962997E-01  2.5304037003E-01
                       2.3101273062E-01  7.6898726938E-01  2.3101273062E-01
                       2.5304037003E-01  7.4695962997E-01  7.4695962997E-01
                       7.4695962997E-01  2.5304037003E-01  2.5304037003E-01
                       7.0261993049E-21 -2.0484106403E-20 -2.0428885584E-20
             xred3     2.5000000000E-01  2.5000000000E-01  2.5000000000E-01
                       7.5000000000E-01  7.5000000000E-01  7.5000000000E-01
                       7.6869328271E-01  2.3130671729E-01  7.6869328271E-01
                       2.5317559745E-01  2.5317559745E-01  7.4682440255E-01
                       7.4682440255E-01  7.4682440255E-01  2.5317559745E-01
                       2.3130671729E-01  7.6869328271E-01  2.3130671729E-01
                       2.5317559745E-01  7.4682440255E-01  7.4682440255E-01
                       7.4682440255E-01  2.5317559745E-01  2.5317559745E-01
                       7.7197610758E-21 -2.0600337261E-20 -2.0968555182E-20
             xred4     2.5000000000E-01  2.5000000000E-01  2.5000000000E-01
                       7.5000000000E-01  7.5000000000E-01  7.5000000000E-01
                       7.6842146646E-01  2.3157853354E-01  7.6842146646E-01
                       2.5332367387E-01  2.5332367387E-01  7.4667632613E-01
                       7.4667632613E-01  7.4667632613E-01  2.5332367387E-01
                       2.3157853354E-01  7.6842146646E-01  2.3157853354E-01
                       2.5332367387E-01  7.4667632613E-01  7.4667632613E-01
                       7.4667632613E-01  2.5332367387E-01  2.5332367387E-01
                       7.7167141090E-21 -2.0648627824E-20 -2.0799743563E-20
             xred5     2.5000000000E-01  2.5000000000E-01  2.5000000000E-01
                       7.5000000000E-01  7.5000000000E-01  7.5000000000E-01
                       7.6816179405E-01  2.3183820595E-01  7.6816179405E-01
                       2.5347363060E-01  2.5347363060E-01  7.4652636940E-01
                       7.4652636940E-01  7.4652636940E-01  2.5347363060E-01
                       2.3183820595E-01  7.6816179405E-01  2.3183820595E-01
                       2.5347363060E-01  7.4652636940E-01  7.4652636940E-01
                       7.4652636940E-01  2.5347363060E-01  2.5347363060E-01
                       7.7167141090E-21 -2.0648627824E-20 -2.0799743563E-20
             xred6     2.5000000000E-01  2.5000000000E-01  2.5000000000E-01
                       7.5000000000E-01  7.5000000000E-01  7.5000000000E-01
                       7.6789657844E-01  2.3210342156E-01  7.6789657844E-01
                       2.5362349349E-01  2.5362349349E-01  7.4637650651E-01
                       7.4637650651E-01  7.4637650651E-01  2.5362349349E-01
                       2.3210342156E-01  7.6789657844E-01  2.3210342156E-01
                       2.5362349349E-01  7.4637650651E-01  7.4637650651E-01
                       7.4637650651E-01  2.5362349349E-01  2.5362349349E-01
                       7.6750856219E-21 -2.0787968952E-20 -2.0462851488E-20
             xred7     2.5000000000E-01  2.5000000000E-01  2.5000000000E-01
                       7.5000000000E-01  7.5000000000E-01  7.5000000000E-01
                       7.6759328904E-01  2.3240671096E-01  7.6759328904E-01
                       2.5376022025E-01  2.5376022025E-01  7.4623977975E-01
                       7.4623977975E-01  7.4623977975E-01  2.5376022025E-01
                       2.3240671096E-01  7.6759328904E-01  2.3240671096E-01
                       2.5376022025E-01  7.4623977975E-01  7.4623977975E-01
                       7.4623977975E-01  2.5376022025E-01  2.5376022025E-01
                       7.7452157584E-21 -2.0646221186E-20 -2.0832908806E-20
             xred8     2.5000000000E-01  2.5000000000E-01  2.5000000000E-01
                       7.5000000000E-01  7.5000000000E-01  7.5000000000E-01
                       7.6729219672E-01  2.3270780328E-01  7.6729219672E-01
                       2.5389491227E-01  2.5389491227E-01  7.4610508773E-01
                       7.4610508773E-01  7.4610508773E-01  2.5389491227E-01
                       2.3270780328E-01  7.6729219672E-01  2.3270780328E-01
                       2.5389491227E-01  7.4610508773E-01  7.4610508773E-01
                       7.4610508773E-01  2.5389491227E-01  2.5389491227E-01
                       8.0899252926E-21 -2.0560047505E-20 -2.0669692620E-20
             xred9     2.5000000000E-01  2.5000000000E-01  2.5000000000E-01
                       7.5000000000E-01  7.5000000000E-01  7.5000000000E-01
                       7.6697935594E-01  2.3302064406E-01  7.6697935594E-01
                       2.5402587330E-01  2.5402587330E-01  7.4597412670E-01
                       7.4597412670E-01  7.4597412670E-01  2.5402587330E-01
                       2.3302064406E-01  7.6697935594E-01  2.3302064406E-01
                       2.5402587330E-01  7.4597412670E-01  7.4597412670E-01
                       7.4597412670E-01  2.5402587330E-01  2.5402587330E-01
                       7.5389426391E-21 -2.0845119438E-20 -2.0377706112E-20
             xred10    2.5000000000E-01  2.5000000000E-01  2.5000000000E-01
                       7.5000000000E-01  7.5000000000E-01  7.5000000000E-01
                       7.6665934965E-01  2.3334065035E-01  7.6665934965E-01
                       2.5415563206E-01  2.5415563206E-01  7.4584436794E-01
                       7.4584436794E-01  7.4584436794E-01  2.5415563206E-01
                       2.3334065035E-01  7.6665934965E-01  2.3334065035E-01
                       2.5415563206E-01  7.4584436794E-01  7.4584436794E-01
                       7.4584436794E-01  2.5415563206E-01  2.5415563206E-01
                       8.3723700540E-21 -2.1233306008E-20 -2.1832882357E-20
                                
getxred1 0
getxred -1

diemac 12.0
ecut 16
pawecutdg 40
ixc -101130
kptopt 1
ngkpt 4 4 4
prtden 1
iscf 17
nstep 2500
prtwf 0
nshiftk 4
shiftk  0.5 0.5 0.5
        0.5 0.0 0.0
        0.0 0.5 0.0
        0.0 0.0 0.5
nband 42

toldff 1.0d-8
tolmxf 1.0d-5
ionmov 2
optcell 3
ecutsm 0.5
dilatmx 1.15
