ndtset 9
            acell1     1.5717069862E+01  1.5844896156E+01  1.5717069862E+01
            acell2     1.5558317349E+01  1.5684834469E+01  1.5558317349E+01
            acell3     1.5398210388E+01  1.5527647269E+01  1.5398210388E+01
            acell4     1.5238288778E+01  1.5370071461E+01  1.5238288778E+01
            acell5     1.5077348679E+01  1.5214673445E+01  1.5077348679E+01
            acell6     1.4915903673E+01  1.5060374231E+01  1.4915903673E+01
            acell7     1.4754653617E+01  1.4905680897E+01  1.4754653617E+01
            acell8     1.4593128499E+01  1.4751605733E+01  1.4593128499E+01
            acell9     1.4431211574E+01  1.4598412271E+01  1.4431211574E+01

            rprim1     0.0000000000E+00  7.0130875360E-01  7.1285765208E-01
                       7.0710678119E-01  0.0000000000E+00  7.0710678119E-01
                       7.1285765208E-01  7.0130875360E-01  0.0000000000E+00
            rprim2     0.0000000000E+00  7.0130958733E-01  7.1285683185E-01
                       7.0710678119E-01  0.0000000000E+00  7.0710678119E-01
                       7.1285683185E-01  7.0130958733E-01  0.0000000000E+00
            rprim3     0.0000000000E+00  7.0111247367E-01  7.1305069895E-01
                       7.0710678119E-01  0.0000000000E+00  7.0710678119E-01
                       7.1305069895E-01  7.0111247367E-01  0.0000000000E+00
            rprim4     0.0000000000E+00  7.0093828274E-01  7.1322193165E-01
                       7.0710678119E-01  0.0000000000E+00  7.0710678119E-01
                       7.1322193165E-01  7.0093828274E-01  0.0000000000E+00
            rprim5     0.0000000000E+00  7.0060723930E-01  7.1354712265E-01
                       7.0710678119E-01  0.0000000000E+00  7.0710678119E-01
                       7.1354712265E-01  7.0060723930E-01  0.0000000000E+00
            rprim6     0.0000000000E+00  7.0019098923E-01  7.1395558587E-01
                       7.0710678119E-01  0.0000000000E+00  7.0710678119E-01
                       7.1395558587E-01  7.0019098923E-01  0.0000000000E+00
            rprim7     0.0000000000E+00  6.9979404462E-01  7.1434466129E-01
                       7.0710678119E-01  0.0000000000E+00  7.0710678119E-01
                       7.1434466129E-01  6.9979404462E-01  0.0000000000E+00
            rprim8     0.0000000000E+00  6.9934349004E-01  7.1478576017E-01
                       7.0710678119E-01  0.0000000000E+00  7.0710678119E-01
                       7.1478576017E-01  6.9934349004E-01  0.0000000000E+00
            rprim9     0.0000000000E+00  6.9881816996E-01  7.1529935365E-01
                       7.0710678119E-01  0.0000000000E+00  7.0710678119E-01
                       7.1529935365E-01  6.9881816996E-01  0.0000000000E+00

natom    9  
ntypat   4  

typat 1 1 4 2 2 2 2 2 3 
      
znucl    55 53 72 35
             xred1     2.4866682363E-01  2.5133317637E-01  2.4866682363E-01
                       7.4866682363E-01  7.5133317637E-01  7.4866682363E-01
                       7.7273848996E-01  2.2726151004E-01  7.7273848996E-01
                       2.4026182462E-01  2.4327130825E-01  7.5672869175E-01
                       7.5672869175E-01  7.5973817538E-01  2.4026182462E-01
                       2.4088609107E-01  7.5911390893E-01  2.4088609107E-01
                       2.4026182462E-01  7.5973817538E-01  7.5672869175E-01
                       7.5672869175E-01  2.4327130825E-01  2.4026182462E-01
                      -4.9360610376E-03  4.9360610376E-03 -4.9360610376E-03
             xred2     2.4854538840E-01  2.5145461160E-01  2.4854538840E-01
                       7.4854538840E-01  7.5145461160E-01  7.4854538840E-01
                       7.7042760067E-01  2.2957239933E-01  7.7042760067E-01
                       2.4250629947E-01  2.4517065988E-01  7.5482934012E-01
                       7.5482934012E-01  7.5749370053E-01  2.4250629947E-01
                       2.4284940426E-01  7.5715059574E-01  2.4284940426E-01
                       2.4250629947E-01  7.5749370053E-01  7.5482934012E-01
                       7.5482934012E-01  2.4517065988E-01  2.4250629947E-01
                      -5.0358609096E-03  5.0358609096E-03 -5.0358609096E-03
             xred3     2.4861556496E-01  2.5138443504E-01  2.4861556496E-01
                       7.4861556496E-01  7.5138443504E-01  7.4861556496E-01
                       7.6788106251E-01  2.3211893749E-01  7.6788106251E-01
                       2.4466827732E-01  2.4695512707E-01  7.5304487293E-01
                       7.5304487293E-01  7.5533172268E-01  2.4466827732E-01
                       2.4473802837E-01  7.5526197163E-01  2.4473802837E-01
                       2.4466827732E-01  7.5533172268E-01  7.5304487293E-01
                       7.5304487293E-01  2.4695512707E-01  2.4466827732E-01
                      -5.2733213052E-03  5.2733213052E-03 -5.2733213052E-03
             xred4     2.4874015901E-01  2.5125984099E-01  2.4874015901E-01
                       7.4874015901E-01  7.5125984099E-01  7.4874015901E-01
                       7.6532046887E-01  2.3467953113E-01  7.6532046887E-01
                       2.4680687748E-01  2.4870914116E-01  7.5129085884E-01
                       7.5129085884E-01  7.5319312252E-01  2.4680687748E-01
                       2.4654413267E-01  7.5345586733E-01  2.4654413267E-01
                       2.4680687748E-01  7.5319312252E-01  7.5129085884E-01
                       7.5129085884E-01  2.4870914116E-01  2.4680687748E-01
                      -5.5371921965E-03  5.5371921965E-03 -5.5371921965E-03
             xred5     2.4878432511E-01  2.5121567489E-01  2.4878432511E-01
                       7.4878432511E-01  7.5121567489E-01  7.4878432511E-01
                       7.6273920104E-01  2.3726079896E-01  7.6273920104E-01
                       2.4888820302E-01  2.5034519106E-01  7.4965480894E-01
                       7.4965480894E-01  7.5111179698E-01  2.4888820302E-01
                       2.4837178135E-01  7.5162821865E-01  2.4837178135E-01
                       2.4888820302E-01  7.5111179698E-01  7.4965480894E-01
                       7.4965480894E-01  2.5034519106E-01  2.4888820302E-01
                      -5.7624565384E-03  5.7624565384E-03 -5.7624565384E-03
             xred6     2.4894183017E-01  2.5105816983E-01  2.4894183017E-01
                       7.4894183017E-01  7.5105816983E-01  7.4894183017E-01
                       7.5999830542E-01  2.4000169458E-01  7.5999830542E-01
                       2.5093640518E-01  2.5184565620E-01  7.4815434380E-01
                       7.4815434380E-01  7.4906359482E-01  2.5093640518E-01
                       2.5009296570E-01  7.4990703430E-01  2.5009296570E-01
                       2.5093640518E-01  7.4906359482E-01  7.4815434380E-01
                       7.4815434380E-01  2.5184565620E-01  2.5093640518E-01
                      -6.1532294420E-03  6.1532294420E-03 -6.1532294420E-03
             xred7     2.4922077073E-01  2.5077922927E-01  2.4922077073E-01
                       7.4922077073E-01  7.5077922927E-01  7.4922077073E-01
                       7.5721952241E-01  2.4278047759E-01  7.5721952241E-01
                       2.5291007636E-01  2.5323959839E-01  7.4676040161E-01
                       7.4676040161E-01  7.4708992364E-01  2.5291007636E-01
                       2.5165492649E-01  7.4834507351E-01  2.5165492649E-01
                       2.5291007636E-01  7.4708992364E-01  7.4676040161E-01
                       7.4676040161E-01  2.5323959839E-01  2.5291007636E-01
                      -6.6537462886E-03  6.6537462886E-03 -6.6537462886E-03
             xred8     2.4937416060E-01  2.5062583940E-01  2.4937416060E-01
                       7.4937416060E-01  7.5062583940E-01  7.4937416060E-01
                       7.5454951090E-01  2.4545048910E-01  7.5454951090E-01
                       2.5481683203E-01  2.5454808960E-01  7.4545191040E-01
                       7.4545191040E-01  7.4518316797E-01  2.5481683203E-01
                       2.5322366659E-01  7.4677633341E-01  2.5322366659E-01
                       2.5481683203E-01  7.4518316797E-01  7.4545191040E-01
                       7.4545191040E-01  2.5454808960E-01  2.5481683203E-01
                      -7.0557835601E-03  7.0557835601E-03 -7.0557835601E-03
             xred9     2.4957451280E-01  2.5042548720E-01  2.4957451280E-01
                       7.4957451280E-01  7.5042548720E-01  7.4957451280E-01
                       7.5186757776E-01  2.4813242224E-01  7.5186757776E-01
                       2.5662299110E-01  2.5573145598E-01  7.4426854402E-01
                       7.4426854402E-01  7.4337700890E-01  2.5662299110E-01
                       2.5471656646E-01  7.4528343354E-01  2.5471656646E-01
                       2.5662299110E-01  7.4337700890E-01  7.4426854402E-01
                       7.4426854402E-01  2.5573145598E-01  2.5662299110E-01
                      -7.5130400613E-03  7.5130400613E-03 -7.5130400613E-03
getxred1 0
getxred -1

diemac 12.0
ecut 16
pawecutdg 40
ixc -101130
kptopt 1
ngkpt 4 4 4
prtden 1
iscf 17
nstep 2500
prtwf 0
nshiftk 4
shiftk  0.5 0.5 0.5
        0.5 0.0 0.0
        0.0 0.5 0.0
        0.0 0.0 0.5
nband 42

toldff 1.0d-8
tolmxf 1.0d-6
ionmov 2
optcell 3
ecutsm 0.5
dilatmx 1.15
