ndtset 5
acell1 14.299578202905 14.313245891535 14.299578202905
acell2 14.28526431081 14.29891831807 14.28526431081
acell3 14.270950418715 14.284590744605 14.270950418715
acell4 14.25663652662 14.27026317114 14.25663652662
acell5 14.242322634525 14.255935597675 14.242322634525


            rprim    0.0000000000E+00  7.0643027442E-01  7.0778264135E-01
                       7.0710678119E-01  0.0000000000E+00  7.0710678119E-01
                       7.0778264135E-01  7.0643027442E-01  0.0000000000E+00
natom    9  
ntypat   4  
typat    1 1 2 4 4 4 4 4 3      
znucl    55 53 72 35
             xred    2.5212512227E-01  2.4787487773E-01  2.5212512227E-01
                       7.5212512227E-01  7.4787487773E-01  7.5212512227E-01
                       7.3977592097E-01  2.6022407903E-01  7.3977592097E-01
                       2.4327743619E-01  2.4236922078E-01  7.5763077922E-01
                       7.5763077922E-01  7.5672256381E-01  2.4327743619E-01
                       2.4860604198E-01  7.5139395802E-01  2.4860604198E-01
                       2.4327743619E-01  7.5672256381E-01  7.5763077922E-01
                       7.5763077922E-01  2.4236922078E-01  2.4327743619E-01
                       5.5513617074E-03 -5.5513617074E-03  5.5513617074E-03

getxred1 0
getxred -1

diemac 12.0
ecut 16
pawecutdg 40
ixc -101130
kptopt 1
ngkpt 4 4 4
prtden 1
iscf 17
nstep 50
prtwf 0
nshiftk 4
shiftk  0.5 0.5 0.5
        0.5 0.0 0.0
        0.0 0.5 0.0
        0.0 0.0 0.5
nband 42

toldff 1.0d-8
tolmxf 1.0d-5
ionmov 2
optcell 3
ecutsm 0.5
dilatmx 1.15
