ndtset 10
            acell1     1.4253373934E+01  1.4253373934E+01  1.4263964653E+01
            acell2     1.4246217268E+01  1.4246217268E+01  1.4256999713E+01
            acell3     1.4239288705E+01  1.4239288705E+01  1.4249576186E+01
            acell4     1.4232176304E+01  1.4232176304E+01  1.4242522241E+01
            acell5     1.4226321678E+01  1.4226321678E+01  1.4232942173E+01
            acell6     1.4219712561E+01  1.4219712561E+01  1.4224878642E+01
            acell7     1.4212778538E+01  1.4212778538E+01  1.4217466964E+01
            acell8     1.4205778878E+01  1.4205778878E+01  1.4210186915E+01
            acell9     1.4198747780E+01  1.4198747780E+01  1.4202969896E+01
            acell10    1.4191706233E+01  1.4191706233E+01  1.4195773828E+01

            rprim1     0.0000000000E+00  7.0763218451E-01  7.0658098718E-01
                       7.0763218451E-01  0.0000000000E+00  7.0658098718E-01
                       7.0710678119E-01  7.0710678119E-01  0.0000000000E+00
            rprim2     0.0000000000E+00  7.0764196464E-01  7.0657119237E-01
                       7.0764196464E-01  0.0000000000E+00  7.0657119237E-01
                       7.0710678119E-01  7.0710678119E-01  0.0000000000E+00
            rprim3     0.0000000000E+00  7.0761764573E-01  7.0659554729E-01
                       7.0761764573E-01  0.0000000000E+00  7.0659554729E-01
                       7.0710678119E-01  7.0710678119E-01  0.0000000000E+00
            rprim4     0.0000000000E+00  7.0762080535E-01  7.0659238309E-01
                       7.0762080535E-01  0.0000000000E+00  7.0659238309E-01
                       7.0710678119E-01  7.0710678119E-01  0.0000000000E+00
            rprim5     0.0000000000E+00  7.0743584709E-01  7.0677756207E-01
                       7.0743584709E-01  0.0000000000E+00  7.0677756207E-01
                       7.0710678119E-01  7.0710678119E-01  0.0000000000E+00
            rprim6     0.0000000000E+00  7.0736367608E-01  7.0684979293E-01
                       7.0736367608E-01  0.0000000000E+00  7.0684979293E-01
                       7.0710678119E-01  7.0710678119E-01  0.0000000000E+00
            rprim7     0.0000000000E+00  7.0734003733E-01  7.0687344807E-01
                       7.0734003733E-01  0.0000000000E+00  7.0687344807E-01
                       7.0710678119E-01  7.0710678119E-01  0.0000000000E+00
            rprim8     0.0000000000E+00  7.0732619567E-01  7.0688729860E-01
                       7.0732619567E-01  0.0000000000E+00  7.0688729860E-01
                       7.0710678119E-01  7.0710678119E-01  0.0000000000E+00
            rprim9     0.0000000000E+00  7.0731704528E-01  7.0689645455E-01
                       7.0731704528E-01  0.0000000000E+00  7.0689645455E-01
                       7.0710678119E-01  7.0710678119E-01  0.0000000000E+00
            rprim10    0.0000000000E+00  7.0730945057E-01  7.0690405370E-01
                       7.0730945057E-01  0.0000000000E+00  7.0690405370E-01
                       7.0710678119E-01  7.0710678119E-01  0.0000000000E+00
natom    9  
ntypat   4  
  
            typat    1 1 2 2 4 4 4 4 3


znucl    55 53 40 35 
             xred1     2.5000000000E-01  2.5000000000E-01  2.5000000000E-01
                       7.5000000000E-01  7.5000000000E-01  7.5000000000E-01
                       2.6602776986E-01  2.6602776986E-01  7.3397223014E-01
                       7.3397223014E-01  7.3397223014E-01  2.6602776986E-01
                       2.4454489300E-01  7.5545510700E-01  7.5545510700E-01
                       7.5545510700E-01  2.4454489300E-01  7.5545510700E-01
                       2.4454489300E-01  7.5545510700E-01  2.4454489300E-01
                       7.5545510700E-01  2.4454489300E-01  2.4454489300E-01
                      -1.5278806757E-21  6.5970656031E-22 -4.6259063409E-21
             xred2     2.5000000000E-01  2.5000000000E-01  2.5000000000E-01
                       7.5000000000E-01  7.5000000000E-01  7.5000000000E-01
                       2.6610367110E-01  2.6610367110E-01  7.3389632890E-01
                       7.3389632890E-01  7.3389632890E-01  2.6610367110E-01
                       2.4462564854E-01  7.5537435146E-01  7.5537435146E-01
                       7.5537435146E-01  2.4462564854E-01  7.5537435146E-01
                       2.4462564854E-01  7.5537435146E-01  2.4462564854E-01
                       7.5537435146E-01  2.4462564854E-01  2.4462564854E-01
                      -1.7401549789E-21  1.6110007802E-21 -4.9942434437E-21
             xred3     2.5000000000E-01  2.5000000000E-01  2.5000000000E-01
                       7.5000000000E-01  7.5000000000E-01  7.5000000000E-01
                       2.6616935542E-01  2.6616935542E-01  7.3383064458E-01
                       7.3383064458E-01  7.3383064458E-01  2.6616935542E-01
                       2.4472748507E-01  7.5527251493E-01  7.5527251493E-01
                       7.5527251493E-01  2.4472748507E-01  7.5527251493E-01
                       2.4472748507E-01  7.5527251493E-01  2.4472748507E-01
                       7.5527251493E-01  2.4472748507E-01  2.4472748507E-01
                      -1.5710882446E-21  1.3272268125E-21 -5.0319398194E-21
             xred4     2.5000000000E-01  2.5000000000E-01  2.5000000000E-01
                       7.5000000000E-01  7.5000000000E-01  7.5000000000E-01
                       2.6624242483E-01  2.6624242483E-01  7.3375757517E-01
                       7.3375757517E-01  7.3375757517E-01  2.6624242483E-01
                       2.4481969402E-01  7.5518030598E-01  7.5518030598E-01
                       7.5518030598E-01  2.4481969402E-01  7.5518030598E-01
                       2.4481969402E-01  7.5518030598E-01  2.4481969402E-01
                       7.5518030598E-01  2.4481969402E-01  2.4481969402E-01
                      -1.8242697106E-21  1.9625498196E-21 -5.2358204218E-21
             xred5     2.5000000000E-01  2.5000000000E-01  2.5000000000E-01
                       7.5000000000E-01  7.5000000000E-01  7.5000000000E-01
                       2.6623657410E-01  2.6623657410E-01  7.3376342590E-01
                       7.3376342590E-01  7.3376342590E-01  2.6623657410E-01
                       2.4495227133E-01  7.5504772867E-01  7.5504772867E-01
                       7.5504772867E-01  2.4495227133E-01  7.5504772867E-01
                       2.4495227133E-01  7.5504772867E-01  2.4495227133E-01
                       7.5504772867E-01  2.4495227133E-01  2.4495227133E-01
                      -1.6304997546E-21  1.4931266508E-21 -5.0548434539E-21
             xred6     2.5000000000E-01  2.5000000000E-01  2.5000000000E-01
                       7.5000000000E-01  7.5000000000E-01  7.5000000000E-01
                       2.6627614347E-01  2.6627614347E-01  7.3372385653E-01
                       7.3372385653E-01  7.3372385653E-01  2.6627614347E-01
                       2.4506137970E-01  7.5493862030E-01  7.5493862030E-01
                       7.5493862030E-01  2.4506137970E-01  7.5493862030E-01
                       2.4506137970E-01  7.5493862030E-01  2.4506137970E-01
                       7.5493862030E-01  2.4506137970E-01  2.4506137970E-01
                      -1.6402822269E-21  1.5077814217E-21 -5.0572237581E-21
             xred7     2.5000000000E-01  2.5000000000E-01  2.5000000000E-01
                       7.5000000000E-01  7.5000000000E-01  7.5000000000E-01
                       2.6633299670E-01  2.6633299670E-01  7.3366700330E-01
                       7.3366700330E-01  7.3366700330E-01  2.6633299670E-01
                       2.4515596165E-01  7.5484403835E-01  7.5484403835E-01
                       7.5484403835E-01  2.4515596165E-01  7.5484403835E-01
                       2.4515596165E-01  7.5484403835E-01  2.4515596165E-01
                       7.5484403835E-01  2.4515596165E-01  2.4515596165E-01
                      -1.6514021364E-21  1.5814381100E-21 -5.1257927506E-21
             xred8     2.5000000000E-01  2.5000000000E-01  2.5000000000E-01
                       7.5000000000E-01  7.5000000000E-01  7.5000000000E-01
                       2.6639749236E-01  2.6639749236E-01  7.3360250764E-01
                       7.3360250764E-01  7.3360250764E-01  2.6639749236E-01
                       2.4524565137E-01  7.5475434863E-01  7.5475434863E-01
                       7.5475434863E-01  2.4524565137E-01  7.5475434863E-01
                       2.4524565137E-01  7.5475434863E-01  2.4524565137E-01
                       7.5475434863E-01  2.4524565137E-01  2.4524565137E-01
                      -1.6380696434E-21  1.4776733349E-21 -5.0241256355E-21
             xred9     2.5000000000E-01  2.5000000000E-01  2.5000000000E-01
                       7.5000000000E-01  7.5000000000E-01  7.5000000000E-01
                       2.6646531955E-01  2.6646531955E-01  7.3353468045E-01
                       7.3353468045E-01  7.3353468045E-01  2.6646531955E-01
                       2.4533991049E-01  7.5466008951E-01  7.5466008951E-01
                       7.5466008951E-01  2.4533991049E-01  7.5466008951E-01
                       2.4533991049E-01  7.5466008951E-01  2.4533991049E-01
                       7.5466008951E-01  2.4533991049E-01  2.4533991049E-01
                      -1.6402822269E-21  1.5077814217E-21 -5.0572237581E-21
             xred10    2.5000000000E-01  2.5000000000E-01  2.5000000000E-01
                       7.5000000000E-01  7.5000000000E-01  7.5000000000E-01
                       2.6653291875E-01  2.6653291875E-01  7.3346708125E-01
                       7.3346708125E-01  7.3346708125E-01  2.6653291875E-01
                       2.4543717516E-01  7.5456282484E-01  7.5456282484E-01
                       7.5456282484E-01  2.4543717516E-01  7.5456282484E-01
                       2.4543717516E-01  7.5456282484E-01  2.4543717516E-01
                       7.5456282484E-01  2.4543717516E-01  2.4543717516E-01
                      -1.6402822269E-21  1.5077814217E-21 -5.0572237581E-21
         
getxred1 0
getxred -1

diemac 12.0
ecut 16
pawecutdg 40
ixc -101130
kptopt 1
ngkpt 4 4 4
prtden 1
iscf 17
nstep 2500
prtwf 0
nshiftk 4
shiftk  0.5 0.5 0.5
        0.5 0.0 0.0
        0.0 0.5 0.0
        0.0 0.0 0.5
nband 42

toldff 1.0d-8
tolmxf 1.0d-5
ionmov 2
optcell 3
ecutsm 0.5
dilatmx 1.15
