ndtset 10
            acell1     1.4535283150E+01  1.4535283150E+01  1.4774817479E+01
            acell2     1.4520209134E+01  1.4520209134E+01  1.4761212057E+01
            acell3     1.4505352458E+01  1.4505352458E+01  1.4747116147E+01
            acell4     1.4490466905E+01  1.4490466905E+01  1.4733085950E+01
            acell5     1.4475212856E+01  1.4475212856E+01  1.4719890767E+01
            acell6     1.4460324493E+01  1.4460324493E+01  1.4705868346E+01
            acell7     1.4445357386E+01  1.4445357386E+01  1.4692025011E+01
            acell8     1.4430367813E+01  1.4430367813E+01  1.4678233389E+01
            acell9     1.4414253210E+01  1.4414253210E+01  1.4667001341E+01
            acell10    1.4399124687E+01  1.4399124687E+01  1.4653529970E+01

            rprim1     0.0000000000E+00  7.1875955370E-01  6.9525873167E-01
                       7.1875955370E-01  0.0000000000E+00  6.9525873167E-01
                       7.0710678119E-01  7.0710678119E-01  0.0000000000E+00
            rprim2     0.0000000000E+00  7.1884316869E-01  6.9517227996E-01
                       7.1884316869E-01  0.0000000000E+00  6.9517227996E-01
                       7.0710678119E-01  7.0710678119E-01  0.0000000000E+00
            rprim3     0.0000000000E+00  7.1889227516E-01  6.9512149781E-01
                       7.1889227516E-01  0.0000000000E+00  6.9512149781E-01
                       7.0710678119E-01  7.0710678119E-01  0.0000000000E+00
            rprim4     0.0000000000E+00  7.1894612165E-01  6.9506580564E-01
                       7.1894612165E-01  0.0000000000E+00  6.9506580564E-01
                       7.0710678119E-01  7.0710678119E-01  0.0000000000E+00
            rprim5     0.0000000000E+00  7.1905917258E-01  6.9494885159E-01
                       7.1905917258E-01  0.0000000000E+00  6.9494885159E-01
                       7.0710678119E-01  7.0710678119E-01  0.0000000000E+00
            rprim6     0.0000000000E+00  7.1911382318E-01  6.9489230051E-01
                       7.1911382318E-01  0.0000000000E+00  6.9489230051E-01
                       7.0710678119E-01  7.0710678119E-01  0.0000000000E+00
            rprim7     0.0000000000E+00  7.1918127304E-01  6.9482249281E-01
                       7.1918127304E-01  0.0000000000E+00  6.9482249281E-01
                       7.0710678119E-01  7.0710678119E-01  0.0000000000E+00
            rprim8     0.0000000000E+00  7.1925251660E-01  6.9474874405E-01
                       7.1925251660E-01  0.0000000000E+00  6.9474874405E-01
                       7.0710678119E-01  7.0710678119E-01  0.0000000000E+00
            rprim9     0.0000000000E+00  7.1950561410E-01  6.9448662426E-01
                       7.1950561410E-01  0.0000000000E+00  6.9448662426E-01
                       7.0710678119E-01  7.0710678119E-01  0.0000000000E+00
            rprim10    0.0000000000E+00  7.1960001982E-01  6.9438880426E-01
                       7.1960001982E-01  0.0000000000E+00  6.9438880426E-01
                       7.0710678119E-01  7.0710678119E-01  0.0000000000E+00
natom    9  
ntypat   4  
  
            typat    1 1 4 2 2 2 2 2 3


znucl    55 53 40 17
             xred1     2.5129851371E-01  2.5129851371E-01  2.4870148629E-01
                       7.5129851371E-01  7.5129851371E-01  7.4870148629E-01
                       2.3934968101E-01  2.3934968101E-01  7.6065031899E-01
                       7.4661536231E-01  7.4661536231E-01  2.5338463769E-01
                       2.5589377220E-01  7.4394982957E-01  7.4410622780E-01
                       7.4394982957E-01  2.5589377220E-01  7.4410622780E-01
                       2.5589377220E-01  7.4394982957E-01  2.5605017043E-01
                       7.4394982957E-01  2.5589377220E-01  2.5605017043E-01
                       1.1750725702E-02  1.1750725702E-02 -1.1750725702E-02
             xred2     2.5124018021E-01  2.5124018021E-01  2.4875981979E-01
                       7.5124018021E-01  7.5124018021E-01  7.4875981979E-01
                       2.3967039551E-01  2.3967039551E-01  7.6032960449E-01
                       7.4649997034E-01  7.4649997034E-01  2.5350002966E-01
                       2.5598160343E-01  7.4377185963E-01  7.4401839657E-01
                       7.4377185963E-01  2.5598160343E-01  7.4401839657E-01
                       2.5598160343E-01  7.4377185963E-01  2.5622814037E-01
                       7.4377185963E-01  2.5598160343E-01  2.5622814037E-01
                       1.1842347582E-02  1.1842347582E-02 -1.1842347582E-02
             xred3     2.5120510750E-01  2.5120510750E-01  2.4879489250E-01
                       7.5120510750E-01  7.5120510750E-01  7.4879489250E-01
                       2.3998077176E-01  2.3998077176E-01  7.6001922824E-01
                       7.4638051695E-01  7.4638051695E-01  2.5361948305E-01
                       2.5606672844E-01  7.4358488676E-01  7.4393327156E-01
                       7.4358488676E-01  2.5606672844E-01  7.4393327156E-01
                       2.5606672844E-01  7.4358488676E-01  2.5641511324E-01
                       7.4358488676E-01  2.5606672844E-01  2.5641511324E-01
                       1.1925265855E-02  1.1925265855E-02 -1.1925265855E-02
             xred4     2.5116666082E-01  2.5116666082E-01  2.4883333918E-01
                       7.5116666082E-01  7.5116666082E-01  7.4883333918E-01
                       2.4029139353E-01  2.4029139353E-01  7.5970860647E-01
                       7.4626289786E-01  7.4626289786E-01  2.5373710214E-01
                       2.5615111936E-01  7.4339989026E-01  7.4384888064E-01
                       7.4339989026E-01  2.5615111936E-01  7.4384888064E-01
                       2.5615111936E-01  7.4339989026E-01  2.5660010974E-01
                       7.4339989026E-01  2.5615111936E-01  2.5660010974E-01
                       1.2010367709E-02  1.2010367709E-02 -1.2010367709E-02
             xred5     2.5116014835E-01  2.5116014835E-01  2.4883985165E-01
                       7.5116014835E-01  7.5116014835E-01  7.4883985165E-01
                       2.4060552422E-01  2.4060552422E-01  7.5939447578E-01
                       7.4610697394E-01  7.4610697394E-01  2.5389302606E-01
                       2.5621776124E-01  7.4322486260E-01  7.4378223876E-01
                       7.4322486260E-01  2.5621776124E-01  7.4378223876E-01
                       2.5621776124E-01  7.4322486260E-01  2.5677513740E-01
                       7.4322486260E-01  2.5621776124E-01  2.5677513740E-01
                       1.2081957419E-02  1.2081957419E-02 -1.2081957419E-02
             xred6     2.5112710218E-01  2.5112710218E-01  2.4887289782E-01
                       7.5112710218E-01  7.5112710218E-01  7.4887289782E-01
                       2.4091129039E-01  2.4091129039E-01  7.5908870961E-01
                       7.4598916666E-01  7.4598916666E-01  2.5401083334E-01
                       2.5629925003E-01  7.4303990739E-01  7.4370074997E-01
                       7.4303990739E-01  2.5629925003E-01  7.4370074997E-01
                       2.5629925003E-01  7.4303990739E-01  2.5696009261E-01
                       7.4303990739E-01  2.5629925003E-01  2.5696009261E-01
                       1.2167023720E-02  1.2167023720E-02 -1.2167023720E-02
             xred7     2.5109550953E-01  2.5109550953E-01  2.4890449047E-01
                       7.5109550953E-01  7.5109550953E-01  7.4890449047E-01
                       2.4122728674E-01  2.4122728674E-01  7.5877271326E-01
                       7.4586394003E-01  7.4586394003E-01  2.5413605997E-01
                       2.5637561172E-01  7.4285766980E-01  7.4362438828E-01
                       7.4285766980E-01  2.5637561172E-01  7.4362438828E-01
                       2.5637561172E-01  7.4285766980E-01  2.5714233020E-01
                       7.4285766980E-01  2.5637561172E-01  2.5714233020E-01
                       1.2251191089E-02  1.2251191089E-02 -1.2251191089E-02
             xred8     2.5105312687E-01  2.5105312687E-01  2.4894687313E-01
                       7.5105312687E-01  7.5105312687E-01  7.4894687313E-01
                       2.4154304524E-01  2.4154304524E-01  7.5845695476E-01
                       7.4574765612E-01  7.4574765612E-01  2.5425234388E-01
                       2.5645204382E-01  7.4267840060E-01  7.4354795618E-01
                       7.4267840060E-01  2.5645204382E-01  7.4354795618E-01
                       2.5645204382E-01  7.4267840060E-01  2.5732159940E-01
                       7.4267840060E-01  2.5645204382E-01  2.5732159940E-01
                       1.2342156047E-02  1.2342156047E-02 -1.2342156047E-02
             xred9     2.5095585897E-01  2.5095585897E-01  2.4904414103E-01
                       7.5095585897E-01  7.5095585897E-01  7.4904414103E-01
                       2.4203213790E-01  2.4203213790E-01  7.5796786210E-01
                       7.4557876776E-01  7.4557876776E-01  2.5442123224E-01
                       2.5646442579E-01  7.4252751116E-01  7.4353557421E-01
                       7.4252751116E-01  2.5646442579E-01  7.4353557421E-01
                       2.5646442579E-01  7.4252751116E-01  2.5747248884E-01
                       7.4252751116E-01  2.5646442579E-01  2.5747248884E-01
                       1.2493502473E-02  1.2493502473E-02 -1.2493502473E-02
             xred10    2.5090906011E-01  2.5090906011E-01  2.4909093989E-01
                       7.5090906011E-01  7.5090906011E-01  7.4909093989E-01
                       2.4236750930E-01  2.4236750930E-01  7.5763249070E-01
                       7.4545521908E-01  7.4545521908E-01  2.5454478092E-01
                       2.5653247915E-01  7.4235181159E-01  7.4346752085E-01
                       7.4235181159E-01  2.5653247915E-01  7.4346752085E-01
                       2.5653247915E-01  7.4235181159E-01  2.5764818841E-01
                       7.4235181159E-01  2.5653247915E-01  2.5764818841E-01
                       1.2590569885E-02  1.2590569885E-02 -1.2590569885E-02

diemac 12.0
ecut 16
pawecutdg 40
ixc -101130
kptopt 1
ngkpt 12 12 12
prtden 1
iscf 17
nstep 2500
prtwf 0
nshiftk 1
shiftk 0 0 0
nband 42
toldfe 1.0d-8
