ndtset 10
            acell1     1.4756618719E+01  1.4812937672E+01  1.4756618719E+01
            acell2     1.4741856642E+01  1.4798090771E+01  1.4741856642E+01
            acell3     1.4727081556E+01  1.4783270600E+01  1.4727081556E+01
            acell4     1.4712310297E+01  1.4768442564E+01  1.4712310297E+01
            acell5     1.4697556462E+01  1.4753578728E+01  1.4697556462E+01
            acell6     1.4683696042E+01  1.4736880459E+01  1.4683696042E+01
            acell7     1.4668331535E+01  1.4723270259E+01  1.4668331535E+01
            acell8     1.4653392237E+01  1.4708787374E+01  1.4653392237E+01
            acell9     1.4640269382E+01  1.4690577282E+01  1.4640269382E+01
            acell10    1.4625730509E+01  1.4675273133E+01  1.4625730509E+01

            rprim1     0.0000000000E+00  7.0439775377E-01  7.0980546947E-01
                       7.0710678119E-01  0.0000000000E+00  7.0710678119E-01
                       7.0980546947E-01  7.0439775377E-01  0.0000000000E+00
            rprim2     0.0000000000E+00  7.0439913049E-01  7.0980410323E-01
                       7.0710678119E-01  0.0000000000E+00  7.0710678119E-01
                       7.0980410323E-01  7.0439913049E-01  0.0000000000E+00
            rprim3     0.0000000000E+00  7.0439858495E-01  7.0980464461E-01
                       7.0710678119E-01  0.0000000000E+00  7.0710678119E-01
                       7.0980464461E-01  7.0439858495E-01  0.0000000000E+00
            rprim4     0.0000000000E+00  7.0439860530E-01  7.0980462442E-01
                       7.0710678119E-01  0.0000000000E+00  7.0710678119E-01
                       7.0980462442E-01  7.0439860530E-01  0.0000000000E+00
            rprim5     0.0000000000E+00  7.0440120917E-01  7.0980204037E-01
                       7.0710678119E-01  0.0000000000E+00  7.0710678119E-01
                       7.0980204037E-01  7.0440120917E-01  0.0000000000E+00
            rprim6     0.0000000000E+00  7.0453632675E-01  7.0966792536E-01
                       7.0710678119E-01  0.0000000000E+00  7.0710678119E-01
                       7.0966792536E-01  7.0453632675E-01  0.0000000000E+00
            rprim7     0.0000000000E+00  7.0444842893E-01  7.0975517679E-01
                       7.0710678119E-01  0.0000000000E+00  7.0710678119E-01
                       7.0975517679E-01  7.0444842893E-01  0.0000000000E+00
            rprim8     0.0000000000E+00  7.0442351728E-01  7.0977990131E-01
                       7.0710678119E-01  0.0000000000E+00  7.0710678119E-01
                       7.0977990131E-01  7.0442351728E-01  0.0000000000E+00
            rprim9     0.0000000000E+00  7.0466859387E-01  7.0953659018E-01
                       7.0710678119E-01  0.0000000000E+00  7.0710678119E-01
                       7.0953659018E-01  7.0466859387E-01  0.0000000000E+00
            rprim10    0.0000000000E+00  7.0470341435E-01  7.0950200691E-01
                       7.0710678119E-01  0.0000000000E+00  7.0710678119E-01
                       7.0950200691E-01  7.0470341435E-01  0.0000000000E+00
natom    9  
ntypat   4  
typat    1 1 2 4 4 2 4 4 3        
znucl    55 53 72 35
             xred1     2.5000000000E-01  2.5000000000E-01  2.5000000000E-01
                       7.5000000000E-01  7.5000000000E-01  7.5000000000E-01
                       7.4024496179E-01  2.5975503821E-01  7.4024496179E-01
                       2.3538331416E-01  2.3538331416E-01  7.6461668584E-01
                       7.6461668584E-01  7.6461668584E-01  2.3538331416E-01
                       2.5975503821E-01  7.4024496179E-01  2.5975503821E-01
                       2.3538331416E-01  7.6461668584E-01  7.6461668584E-01
                       7.6461668584E-01  2.3538331416E-01  2.3538331416E-01
                      -2.5236613091E-22  3.3688679254E-22  2.4529674322E-22
             xred2     2.5000000000E-01  2.5000000000E-01  2.5000000000E-01
                       7.5000000000E-01  7.5000000000E-01  7.5000000000E-01
                       7.4006400770E-01  2.5993599230E-01  7.4006400770E-01
                       2.3559032986E-01  2.3559032986E-01  7.6440967014E-01
                       7.6440967014E-01  7.6440967014E-01  2.3559032986E-01
                       2.5993599230E-01  7.4006400770E-01  2.5993599230E-01
                       2.3559032986E-01  7.6440967014E-01  7.6440967014E-01
                       7.6440967014E-01  2.3559032986E-01  2.3559032986E-01
                      -2.5236613091E-22  3.3688679254E-22  2.4529674322E-22
             xred3     2.5000000000E-01  2.5000000000E-01  2.5000000000E-01
                       7.5000000000E-01  7.5000000000E-01  7.5000000000E-01
                       7.3988357904E-01  2.6011642096E-01  7.3988357904E-01
                       2.3579335536E-01  2.3579335536E-01  7.6420664464E-01
                       7.6420664464E-01  7.6420664464E-01  2.3579335536E-01
                       2.6011642096E-01  7.3988357904E-01  2.6011642096E-01
                       2.3579335536E-01  7.6420664464E-01  7.6420664464E-01
                       7.6420664464E-01  2.3579335536E-01  2.3579335536E-01
                      -2.5236613091E-22  3.3688679254E-22  2.4529674322E-22
             xred4     2.5000000000E-01  2.5000000000E-01  2.5000000000E-01
                       7.5000000000E-01  7.5000000000E-01  7.5000000000E-01
                       7.3970212047E-01  2.6029787953E-01  7.3970212047E-01
                       2.3599977591E-01  2.3599977591E-01  7.6400022409E-01
                       7.6400022409E-01  7.6400022409E-01  2.3599977591E-01
                       2.6029787953E-01  7.3970212047E-01  2.6029787953E-01
                       2.3599977591E-01  7.6400022409E-01  7.6400022409E-01
                       7.6400022409E-01  2.3599977591E-01  2.3599977591E-01
                      -2.5236613091E-22  3.3688679254E-22  2.4529674322E-22
             xred5     2.5000000000E-01  2.5000000000E-01  2.5000000000E-01
                       7.5000000000E-01  7.5000000000E-01  7.5000000000E-01
                       7.3952313636E-01  2.6047686364E-01  7.3952313636E-01
                       2.3620621575E-01  2.3620621575E-01  7.6379378425E-01
                       7.6379378425E-01  7.6379378425E-01  2.3620621575E-01
                       2.6047686364E-01  7.3952313636E-01  2.6047686364E-01
                       2.3620621575E-01  7.6379378425E-01  7.6379378425E-01
                       7.6379378425E-01  2.3620621575E-01  2.3620621575E-01
                      -5.0833170157E-22  5.5981481517E-22  3.0111064870E-23
             xred6     2.5000000000E-01  2.5000000000E-01  2.5000000000E-01
                       7.5000000000E-01  7.5000000000E-01  7.5000000000E-01
                       7.3940423854E-01  2.6059576146E-01  7.3940423854E-01
                       2.3643254304E-01  2.3643254304E-01  7.6356745696E-01
                       7.6356745696E-01  7.6356745696E-01  2.3643254304E-01
                       2.6059576146E-01  7.3940423854E-01  2.6059576146E-01
                       2.3643254304E-01  7.6356745696E-01  7.6356745696E-01
                       7.6356745696E-01  2.3643254304E-01  2.3643254304E-01
                      -2.5236613091E-22  3.3688679254E-22  2.4529674322E-22
             xred7     2.5000000000E-01  2.5000000000E-01  2.5000000000E-01
                       7.5000000000E-01  7.5000000000E-01  7.5000000000E-01
                       7.3918462560E-01  2.6081537440E-01  7.3918462560E-01
                       2.3662258460E-01  2.3662258460E-01  7.6337741540E-01
                       7.6337741540E-01  7.6337741540E-01  2.3662258460E-01
                       2.6081537440E-01  7.3918462560E-01  2.6081537440E-01
                       2.3662258460E-01  7.6337741540E-01  7.6337741540E-01
                       7.6337741540E-01  2.3662258460E-01  2.3662258460E-01
                      -2.5236613091E-22  3.3688679254E-22  2.4529674322E-22
             xred8     2.5000000000E-01  2.5000000000E-01  2.5000000000E-01
                       7.5000000000E-01  7.5000000000E-01  7.5000000000E-01
                       7.3899201975E-01  2.6100798025E-01  7.3899201975E-01
                       2.3681990523E-01  2.3681990523E-01  7.6318009477E-01
                       7.6318009477E-01  7.6318009477E-01  2.3681990523E-01
                       2.6100798025E-01  7.3899201975E-01  2.6100798025E-01
                       2.3681990523E-01  7.6318009477E-01  7.6318009477E-01
                       7.6318009477E-01  2.3681990523E-01  2.3681990523E-01
                      -4.0635694638E-22  7.0853800726E-22 -3.0608379093E-22
             xred9     2.5000000000E-01  2.5000000000E-01  2.5000000000E-01
                       7.5000000000E-01  7.5000000000E-01  7.5000000000E-01
                       7.3892048357E-01  2.6107951643E-01  7.3892048357E-01
                       2.3707384343E-01  2.3707384343E-01  7.6292615657E-01
                       7.6292615657E-01  7.6292615657E-01  2.3707384343E-01
                       2.6107951643E-01  7.3892048357E-01  2.6107951643E-01
                       2.3707384343E-01  7.6292615657E-01  7.6292615657E-01
                       7.6292615657E-01  2.3707384343E-01  2.3707384343E-01
                      -2.5236613091E-22  3.3688679254E-22  2.4529674322E-22
             xred10    2.5000000000E-01  2.5000000000E-01  2.5000000000E-01
                       7.5000000000E-01  7.5000000000E-01  7.5000000000E-01
                       7.3876180357E-01  2.6123819643E-01  7.3876180357E-01
                       2.3728431843E-01  2.3728431843E-01  7.6271568157E-01
                       7.6271568157E-01  7.6271568157E-01  2.3728431843E-01
                       2.6123819643E-01  7.3876180357E-01  2.6123819643E-01
                       2.3728431843E-01  7.6271568157E-01  7.6271568157E-01
                       7.6271568157E-01  2.3728431843E-01  2.3728431843E-01
                      -2.5236613091E-22  3.3688679254E-22  2.4529674322E-22
        
getxred1 0
getxred -1

diemac 12.0
ecut 16
pawecutdg 40
ixc -101130
kptopt 1
ngkpt 4 4 4
prtden 1
iscf 17
nstep 2500
prtwf 0
nshiftk 4
shiftk  0.5 0.5 0.5
        0.5 0.0 0.0
        0.0 0.5 0.0
        0.0 0.0 0.5
nband 42

toldff 1.0d-8
tolmxf 1.0d-5
ionmov 2
optcell 3
ecutsm 0.5
dilatmx 1.15
