ndtset 10
            acell1     1.5382202493E+01  1.5815129378E+01  1.5382202493E+01
            acell2     1.5225708245E+01  1.5658158721E+01  1.5225708245E+01
            acell3     1.5066226701E+01  1.5508661001E+01  1.5066226701E+01
            acell4     1.4903534967E+01  1.5367392420E+01  1.4903534967E+01
            acell5     1.4740671396E+01  1.5226859694E+01  1.4740671396E+01
            acell6     1.4577491994E+01  1.5087486637E+01  1.4577491994E+01
            acell7     1.4414080451E+01  1.4949121503E+01  1.4414080451E+01
            acell8     1.4249246461E+01  1.4815099879E+01  1.4249246461E+01
            acell9     1.4084377202E+01  1.4681843563E+01  1.4084377202E+01
            acell10    1.3921287486E+01  1.4544191227E+01  1.3921287486E+01

            rprim1     0.0000000000E+00  6.8662892261E-01  7.2700806229E-01
                       7.0710678119E-01  0.0000000000E+00  7.0710678119E-01
                       7.2700806229E-01  6.8662892261E-01  0.0000000000E+00
            rprim2     0.0000000000E+00  6.8643571722E-01  7.2719048820E-01
                       7.0710678119E-01  0.0000000000E+00  7.0710678119E-01
                       7.2719048820E-01  6.8643571722E-01  0.0000000000E+00
            rprim3     0.0000000000E+00  6.8571339067E-01  7.2787165479E-01
                       7.0710678119E-01  0.0000000000E+00  7.0710678119E-01
                       7.2787165479E-01  6.8571339067E-01  0.0000000000E+00
            rprim4     0.0000000000E+00  6.8439145238E-01  7.2911476457E-01
                       7.0710678119E-01  0.0000000000E+00  7.0710678119E-01
                       7.2911476457E-01  6.8439145238E-01  0.0000000000E+00
            rprim5     0.0000000000E+00  6.8298849908E-01  7.3042912738E-01
                       7.0710678119E-01  0.0000000000E+00  7.0710678119E-01
                       7.3042912738E-01  6.8298849908E-01  0.0000000000E+00
            rprim6     0.0000000000E+00  6.8147116433E-01  7.3184496458E-01
                       7.0710678119E-01  0.0000000000E+00  7.0710678119E-01
                       7.3184496458E-01  6.8147116433E-01  0.0000000000E+00
            rprim7     0.0000000000E+00  6.7984685376E-01  7.3335411326E-01
                       7.0710678119E-01  0.0000000000E+00  7.0710678119E-01
                       7.3335411326E-01  6.7984685376E-01  0.0000000000E+00
            rprim8     0.0000000000E+00  6.7786458982E-01  7.3518677754E-01
                       7.0710678119E-01  0.0000000000E+00  7.0710678119E-01
                       7.3518677754E-01  6.7786458982E-01  0.0000000000E+00
            rprim9     0.0000000000E+00  6.7578084306E-01  7.3710260626E-01
                       7.0710678119E-01  0.0000000000E+00  7.0710678119E-01
                       7.3710260626E-01  6.7578084306E-01  0.0000000000E+00
            rprim10    0.0000000000E+00  6.7398387429E-01  7.3874605731E-01
                       7.0710678119E-01  0.0000000000E+00  7.0710678119E-01
                       7.3874605731E-01  6.7398387429E-01  0.0000000000E+00
                       
natom    9  
ntypat   4  

typat    1 1 4 2 2 4 2 2 3 
        
znucl    55 53 72 17

             xred1     2.5000000000E-01  2.5000000000E-01  2.5000000000E-01
                       7.5000000000E-01  7.5000000000E-01  7.5000000000E-01
                       7.8277949243E-01  2.1722050757E-01  7.8277949243E-01
                       2.4368318703E-01  2.4368318703E-01  7.5631681297E-01
                       7.5631681297E-01  7.5631681297E-01  2.4368318703E-01
                       2.1722050757E-01  7.8277949243E-01  2.1722050757E-01
                       2.4368318703E-01  7.5631681297E-01  7.5631681297E-01
                       7.5631681297E-01  2.4368318703E-01  2.4368318703E-01
                       7.7583657089E-21 -2.1335819643E-20 -1.9185280593E-20
             xred2     2.5000000000E-01  2.5000000000E-01  2.5000000000E-01
                       7.5000000000E-01  7.5000000000E-01  7.5000000000E-01
                       7.8051300904E-01  2.1948699096E-01  7.8051300904E-01
                       2.4571082232E-01  2.4571082232E-01  7.5428917768E-01
                       7.5428917768E-01  7.5428917768E-01  2.4571082232E-01
                       2.1948699096E-01  7.8051300904E-01  2.1948699096E-01
                       2.4571082232E-01  7.5428917768E-01  7.5428917768E-01
                       7.5428917768E-01  2.4571082232E-01  2.4571082232E-01
                       7.5568971446E-21 -2.1546822692E-20 -1.8834024051E-20
             xred3     2.5000000000E-01  2.5000000000E-01  2.5000000000E-01
                       7.5000000000E-01  7.5000000000E-01  7.5000000000E-01
                       7.7796896209E-01  2.2203103791E-01  7.7796896209E-01
                       2.4761432629E-01  2.4761432629E-01  7.5238567371E-01
                       7.5238567371E-01  7.5238567371E-01  2.4761432629E-01
                       2.2203103791E-01  7.7796896209E-01  2.2203103791E-01
                       2.4761432629E-01  7.5238567371E-01  7.5238567371E-01
                       7.5238567371E-01  2.4761432629E-01  2.4761432629E-01
                       7.1675696892E-21 -1.9951016802E-20 -2.0555144331E-20
             xred4     2.5000000000E-01  2.5000000000E-01  2.5000000000E-01
                       7.5000000000E-01  7.5000000000E-01  7.5000000000E-01
                       7.7517140031E-01  2.2482859969E-01  7.7517140031E-01
                       2.4936704342E-01  2.4936704342E-01  7.5063295658E-01
                       7.5063295658E-01  7.5063295658E-01  2.4936704342E-01
                       2.2482859969E-01  7.7517140031E-01  2.2482859969E-01
                       2.4936704342E-01  7.5063295658E-01  7.5063295658E-01
                       7.5063295658E-01  2.4936704342E-01  2.4936704342E-01
                       7.4193435080E-21 -2.0933523511E-20 -1.9792218751E-20
             xred5     2.5000000000E-01  2.5000000000E-01  2.5000000000E-01
                       7.5000000000E-01  7.5000000000E-01  7.5000000000E-01
                       7.7232839239E-01  2.2767160761E-01  7.7232839239E-01
                       2.5106075736E-01  2.5106075736E-01  7.4893924264E-01
                       7.4893924264E-01  7.4893924264E-01  2.5106075736E-01
                       2.2767160761E-01  7.7232839239E-01  2.2767160761E-01
                       2.5106075736E-01  7.4893924264E-01  7.4893924264E-01
                       7.4893924264E-01  2.5106075736E-01  2.5106075736E-01
                       7.2672183429E-21 -2.1524153605E-20 -1.8756568721E-20
             xred6     2.5000000000E-01  2.5000000000E-01  2.5000000000E-01
                       7.5000000000E-01  7.5000000000E-01  7.5000000000E-01
                       7.6941613528E-01  2.3058386472E-01  7.6941613528E-01
                       2.5268458274E-01  2.5268458274E-01  7.4731541726E-01
                       7.4731541726E-01  7.4731541726E-01  2.5268458274E-01
                       2.3058386472E-01  7.6941613528E-01  2.3058386472E-01
                       2.5268458274E-01  7.4731541726E-01  7.4731541726E-01
                       7.4731541726E-01  2.5268458274E-01  2.5268458274E-01
                       7.7167141090E-21 -2.0648627824E-20 -2.0799743563E-20
             xred7     2.5000000000E-01  2.5000000000E-01  2.5000000000E-01
                       7.5000000000E-01  7.5000000000E-01  7.5000000000E-01
                       7.6646038854E-01  2.3353961146E-01  7.6646038854E-01
                       2.5423879206E-01  2.5423879206E-01  7.4576120794E-01
                       7.4576120794E-01  7.4576120794E-01  2.5423879206E-01
                       2.3353961146E-01  7.6646038854E-01  2.3353961146E-01
                       2.5423879206E-01  7.4576120794E-01  7.4576120794E-01
                       7.4576120794E-01  2.5423879206E-01  2.5423879206E-01
                       8.4600240985E-21 -2.1858637751E-20 -1.8982859776E-20
             xred8     2.5000000000E-01  2.5000000000E-01  2.5000000000E-01
                       7.5000000000E-01  7.5000000000E-01  7.5000000000E-01
                       7.6334358461E-01  2.3665641539E-01  7.6334358461E-01
                       2.5565314524E-01  2.5565314524E-01  7.4434685476E-01
                       7.4434685476E-01  7.4434685476E-01  2.5565314524E-01
                       2.3665641539E-01  7.6334358461E-01  2.3665641539E-01
                       2.5565314524E-01  7.4434685476E-01  7.4434685476E-01
                       7.4434685476E-01  2.5565314524E-01  2.5565314524E-01
                       7.0458466036E-21 -2.2815878918E-20 -1.5608084625E-20
             xred9     2.5000000000E-01  2.5000000000E-01  2.5000000000E-01
                       7.5000000000E-01  7.5000000000E-01  7.5000000000E-01
                       7.6021448839E-01  2.3978551161E-01  7.6021448839E-01
                       2.5697342486E-01  2.5697342486E-01  7.4302657514E-01
                       7.4302657514E-01  7.4302657514E-01  2.5697342486E-01
                       2.3978551161E-01  7.6021448839E-01  2.3978551161E-01
                       2.5697342486E-01  7.4302657514E-01  7.4302657514E-01
                       7.4302657514E-01  2.5697342486E-01  2.5697342486E-01
                       8.1998725809E-21 -3.1578844158E-20 -7.8617528608E-21
             xred10    2.5000000000E-01  2.5000000000E-01  2.5000000000E-01
                       7.5000000000E-01  7.5000000000E-01  7.5000000000E-01
                       7.5722822099E-01  2.4277177901E-01  7.5722822099E-01
                       2.5826270485E-01  2.5826270485E-01  7.4173729515E-01
                       7.4173729515E-01  7.4173729515E-01  2.5826270485E-01
                       2.4277177901E-01  7.5722822099E-01  2.4277177901E-01
                       2.5826270485E-01  7.4173729515E-01  7.4173729515E-01
                       7.4173729515E-01  2.5826270485E-01  2.5826270485E-01
                       3.5419209885E-21 -1.6094555677E-20 -2.3477516116E-20
                                
diemac 12.0
ecut 16
pawecutdg 40
ixc -101130
kptopt 1
ngkpt 12 12 12
prtden 1
iscf 17
nstep 2500
prtwf 0
nshiftk 1
shiftk 0 0 0
nband 42
toldfe 1.0d-8
