ndtset 10
            acell1     1.4603849289E+01  1.4603849289E+01  1.4788943682E+01
            acell2     1.4448259736E+01  1.4448259736E+01  1.4657393900E+01
            acell3     1.4291620597E+01  1.4291620597E+01  1.4528467705E+01
            acell4     1.4139417314E+01  1.4139417314E+01  1.4389736113E+01
            acell5     1.3986948009E+01  1.3986948009E+01  1.4251717287E+01
            acell6     1.3838330974E+01  1.3838330974E+01  1.4104893657E+01
            acell7     1.3688600564E+01  1.3688600564E+01  1.3960657816E+01
            acell8     1.3542888705E+01  1.3542888705E+01  1.3807122023E+01
            acell9     1.3397224981E+01  1.3397224981E+01  1.3653485301E+01
            acell10    1.3255500769E+01  1.3255500769E+01  1.3490840394E+01

            rprim1     0.0000000000E+00  7.1606890467E-01  6.9802960092E-01
                       7.1606890467E-01  0.0000000000E+00  6.9802960092E-01
                       7.0710678119E-01  7.0710678119E-01  0.0000000000E+00
            rprim2     0.0000000000E+00  7.1734193672E-01  6.9672128274E-01
                       7.1734193672E-01  0.0000000000E+00  6.9672128274E-01
                       7.0710678119E-01  7.0710678119E-01  0.0000000000E+00
            rprim3     0.0000000000E+00  7.1882527002E-01  6.9519078761E-01
                       7.1882527002E-01  0.0000000000E+00  6.9519078761E-01
                       7.0710678119E-01  7.0710678119E-01  0.0000000000E+00
            rprim4     0.0000000000E+00  7.1962512734E-01  6.9436278421E-01
                       7.1962512734E-01  0.0000000000E+00  6.9436278421E-01
                       7.0710678119E-01  7.0710678119E-01  0.0000000000E+00
            rprim5     0.0000000000E+00  7.2049212816E-01  6.9346311601E-01
                       7.2049212816E-01  0.0000000000E+00  6.9346311601E-01
                       7.0710678119E-01  7.0710678119E-01  0.0000000000E+00
            rprim6     0.0000000000E+00  7.2072751918E-01  6.9321846708E-01
                       7.2072751918E-01  0.0000000000E+00  6.9321846708E-01
                       7.0710678119E-01  7.0710678119E-01  0.0000000000E+00
            rprim7     0.0000000000E+00  7.2116033815E-01  6.9276819116E-01
                       7.2116033815E-01  0.0000000000E+00  6.9276819116E-01
                       7.0710678119E-01  7.0710678119E-01  0.0000000000E+00
            rprim8     0.0000000000E+00  7.2090303807E-01  6.9303593680E-01
                       7.2090303807E-01  0.0000000000E+00  6.9303593680E-01
                       7.0710678119E-01  7.0710678119E-01  0.0000000000E+00
            rprim9     0.0000000000E+00  7.2063222469E-01  6.9331752952E-01
                       7.2063222469E-01  0.0000000000E+00  6.9331752952E-01
                       7.0710678119E-01  7.0710678119E-01  0.0000000000E+00
            rprim10    0.0000000000E+00  7.1966083309E-01  6.9432577751E-01
                       7.1966083309E-01  0.0000000000E+00  6.9432577751E-01
                       7.0710678119E-01  7.0710678119E-01  0.0000000000E+00
natom    9  
ntypat   4  
  
            typat    1 1 2 4 4 4 4 4 3

znucl    55 53 40 17
             xred1     2.4353631271E-01  2.4353631271E-01  2.5646368729E-01
                       7.4353631271E-01  7.4353631271E-01  7.5646368729E-01
                       2.6354875971E-01  2.6354875971E-01  7.3645124029E-01
                       7.6396675470E-01  7.6396675470E-01  2.3603324530E-01
                       2.2217508487E-01  7.7426081513E-01  7.7782491513E-01
                       7.7426081513E-01  2.2217508487E-01  7.7782491513E-01
                       2.2217508487E-01  7.7426081513E-01  2.2573918487E-01
                       7.7426081513E-01  2.2217508487E-01  2.2573918487E-01
                      -7.4599398184E-03 -7.4599398184E-03  7.4599398184E-03
             xred2     2.4312992378E-01  2.4312992378E-01  2.5687007622E-01
                       7.4312992378E-01  7.4312992378E-01  7.5687007622E-01
                       2.6607367362E-01  2.6607367362E-01  7.3392632638E-01
                       7.6120770667E-01  7.6120770667E-01  2.3879229333E-01
                       2.2430979994E-01  7.7263736449E-01  7.7569020006E-01
                       7.7263736449E-01  2.2430979994E-01  7.7569020006E-01
                       2.2430979994E-01  7.7263736449E-01  2.2736263551E-01
                       7.7263736449E-01  2.2430979994E-01  2.2736263551E-01
                      -7.4355566996E-03 -7.4355566996E-03  7.4355566996E-03
             xred3     2.4360085398E-01  2.4360085398E-01  2.5639914602E-01
                       7.4360085398E-01  7.4360085398E-01  7.5639914602E-01
                       2.6843844248E-01  2.6843844248E-01  7.3156155752E-01
                       7.5807677581E-01  7.5807677581E-01  2.4192322419E-01
                       2.2614624594E-01  7.7081184788E-01  7.7385375406E-01
                       7.7081184788E-01  2.2614624594E-01  7.7385375406E-01
                       2.2614624594E-01  7.7081184788E-01  2.2918815212E-01
                       7.7081184788E-01  2.2614624594E-01  2.2918815212E-01
                      -7.6331138890E-03 -7.6331138890E-03  7.6331138890E-03
             xred4     2.4380346099E-01  2.4380346099E-01  2.5619653901E-01
                       7.4380346099E-01  7.4380346099E-01  7.5619653901E-01
                       2.7046005437E-01  2.7046005437E-01  7.2953994563E-01
                       7.5525617891E-01  7.5525617891E-01  2.4474382109E-01
                       2.2828501791E-01  7.6894768436E-01  7.7171498209E-01
                       7.6894768436E-01  2.2828501791E-01  7.7171498209E-01
                       2.2828501791E-01  7.6894768436E-01  2.3105231564E-01
                       7.6894768436E-01  2.2828501791E-01  2.3105231564E-01
                      -7.7885597773E-03 -7.7885597773E-03  7.7885597773E-03
             xred5     2.4403174791E-01  2.4403174791E-01  2.5596825209E-01
                       7.4403174791E-01  7.4403174791E-01  7.5596825209E-01
                       2.7241044632E-01  2.7241044632E-01  7.2758955368E-01
                       7.5231580947E-01  7.5231580947E-01  2.4768419053E-01
                       2.3042359162E-01  7.6718057396E-01  7.6957640838E-01
                       7.6718057396E-01  2.3042359162E-01  7.6957640838E-01
                       2.3042359162E-01  7.6718057396E-01  2.3281942604E-01
                       7.6718057396E-01  2.3042359162E-01  2.3281942604E-01
                      -7.9980827534E-03 -7.9980827534E-03  7.9980827534E-03
             xred6     2.4424550176E-01  2.4424550176E-01  2.5575449824E-01
                       7.4424550176E-01  7.4424550176E-01  7.5575449824E-01
                       2.7399049226E-01  2.7399049226E-01  7.2600950774E-01
                       7.4966145562E-01  7.4966145562E-01  2.5033854438E-01
                       2.3274380090E-01  7.6529418014E-01  7.6725619910E-01
                       7.6529418014E-01  2.3274380090E-01  7.6725619910E-01
                       2.3274380090E-01  7.6529418014E-01  2.3470581986E-01
                       7.6529418014E-01  2.3274380090E-01  2.3470581986E-01
                      -8.2189134722E-03 -8.2189134722E-03  8.2189134722E-03
             xred7     2.4449595165E-01  2.4449595165E-01  2.5550404835E-01
                       7.4449595165E-01  7.4449595165E-01  7.5550404835E-01
                       2.7548915300E-01  2.7548915300E-01  7.2451084700E-01
                       7.4675724205E-01  7.4675724205E-01  2.5324275795E-01
                       2.3508534683E-01  7.6358820424E-01  7.6491465317E-01
                       7.6358820424E-01  2.3508534683E-01  7.6491465317E-01
                       2.3508534683E-01  7.6358820424E-01  2.3641179576E-01
                       7.6358820424E-01  2.3508534683E-01  2.3641179576E-01
                      -8.5854004724E-03 -8.5854004724E-03  8.5854004724E-03
             xred8     2.4481104833E-01  2.4481104833E-01  2.5518895167E-01
                       7.4481104833E-01  7.4481104833E-01  7.5518895167E-01
                       2.7653706382E-01  2.7653706382E-01  7.2346293618E-01
                       7.4416643066E-01  7.4416643066E-01  2.5583356934E-01
                       2.3758001512E-01  7.6174587921E-01  7.6241998488E-01
                       7.6174587921E-01  2.3758001512E-01  7.6241998488E-01
                       2.3758001512E-01  7.6174587921E-01  2.3825412079E-01
                       7.6174587921E-01  2.3758001512E-01  2.3825412079E-01
                      -8.9773798022E-03 -8.9773798022E-03  8.9773798022E-03
             xred9     2.4518502340E-01  2.4518502340E-01  2.5481497660E-01
                       7.4518502340E-01  7.4518502340E-01  7.5481497660E-01
                       2.7747188338E-01  2.7747188338E-01  7.2252811662E-01
                       7.4152655576E-01  7.4152655576E-01  2.5847344424E-01
                       2.4006166831E-01  7.5998168746E-01  7.5993833169E-01
                       7.5998168746E-01  2.4006166831E-01  7.5993833169E-01
                       2.4006166831E-01  7.5998168746E-01  2.4001831254E-01
                       7.5998168746E-01  2.4006166831E-01  2.4001831254E-01
                      -9.4551974813E-03 -9.4551974813E-03  9.4551974813E-03
             xred10    2.4553686696E-01  2.4553686696E-01  2.5446313304E-01
                       7.4553686696E-01  7.4553686696E-01  7.5446313304E-01
                       2.7795181669E-01  2.7795181669E-01  7.2204818331E-01
                       7.3925564562E-01  7.3925564562E-01  2.6074435438E-01
                       2.4272412069E-01  7.5812126391E-01  7.5727587931E-01
                       7.5812126391E-01  2.4272412069E-01  7.5727587931E-01
                       2.4272412069E-01  7.5812126391E-01  2.4187873609E-01
                       7.5812126391E-01  2.4272412069E-01  2.4187873609E-01
                      -9.9719654097E-03 -9.9719654097E-03  9.9719654097E-03
         
diemac 12.0
ecut 16
pawecutdg 40
ixc -101130
kptopt 1
ngkpt 12 12 12
prtden 1
iscf 17
nstep 2500
prtwf 0
nshiftk 1
shiftk 0 0 0
nband 42
toldfe 1.0d-8
