ndtset 10
            acell1     1.4700963320E+01  1.5027062253E+01  1.4700963320E+01
            acell2     1.4685315777E+01  1.5014223354E+01  1.4685315777E+01
            acell3     1.4669823934E+01  1.5001019263E+01  1.4669823934E+01
            acell4     1.4654568614E+01  1.4987256650E+01  1.4654568614E+01
            acell5     1.4638899916E+01  1.4974477336E+01  1.4638899916E+01
            acell6     1.4623893151E+01  1.4960127201E+01  1.4623893151E+01
            acell7     1.4608420214E+01  1.4946887016E+01  1.4608420214E+01
            acell8     1.4593696681E+01  1.4931863654E+01  1.4593696681E+01
            acell9     1.4578384713E+01  1.4918242320E+01  1.4578384713E+01
            acell10    1.4563578593E+01  1.4903415900E+01  1.4563578593E+01

            rprim1     0.0000000000E+00  6.9106571967E-01  7.2279192795E-01
                       7.0710678119E-01  0.0000000000E+00  7.0710678119E-01
                       7.2279192795E-01  6.9106571967E-01  0.0000000000E+00
            rprim2     0.0000000000E+00  6.9090675797E-01  7.2294387873E-01
                       7.0710678119E-01  0.0000000000E+00  7.0710678119E-01
                       7.2294387873E-01  6.9090675797E-01  0.0000000000E+00
            rprim3     0.0000000000E+00  6.9077384721E-01  7.2307087621E-01
                       7.0710678119E-01  0.0000000000E+00  7.0710678119E-01
                       7.2307087621E-01  6.9077384721E-01  0.0000000000E+00
            rprim4     0.0000000000E+00  6.9068104672E-01  7.2315952023E-01
                       7.0710678119E-01  0.0000000000E+00  7.0710678119E-01
                       7.2315952023E-01  6.9068104672E-01  0.0000000000E+00
            rprim5     0.0000000000E+00  6.9051688981E-01  7.2331626892E-01
                       7.0710678119E-01  0.0000000000E+00  7.0710678119E-01
                       7.2331626892E-01  6.9051688981E-01  0.0000000000E+00
            rprim6     0.0000000000E+00  6.9046620421E-01  7.2336465275E-01
                       7.0710678119E-01  0.0000000000E+00  7.0710678119E-01
                       7.2336465275E-01  6.9046620421E-01  0.0000000000E+00
            rprim7     0.0000000000E+00  6.9033491619E-01  7.2348994705E-01
                       7.0710678119E-01  0.0000000000E+00  7.0710678119E-01
                       7.2348994705E-01  6.9033491619E-01  0.0000000000E+00
            rprim8     0.0000000000E+00  6.9033281875E-01  7.2349194837E-01
                       7.0710678119E-01  0.0000000000E+00  7.0710678119E-01
                       7.2349194837E-01  6.9033281875E-01  0.0000000000E+00
            rprim9     0.0000000000E+00  6.9022882654E-01  7.2359116013E-01
                       7.0710678119E-01  0.0000000000E+00  7.0710678119E-01
                       7.2359116013E-01  6.9022882654E-01  0.0000000000E+00
            rprim10    0.0000000000E+00  6.9021229044E-01  7.2360693344E-01
                       7.0710678119E-01  0.0000000000E+00  7.0710678119E-01
                       7.2360693344E-01  6.9021229044E-01  0.0000000000E+00

natom    9  
ntypat   4  

typat 1 1 4 2 2 4 2 2 3  
      
znucl    55 53 72 35
             xred1     2.5000000000E-01  2.5000000000E-01  2.5000000000E-01
                       7.5000000000E-01  7.5000000000E-01  7.5000000000E-01
                       7.5935259083E-01  2.4064740917E-01  7.5935259083E-01
                       2.5259991488E-01  2.5259991488E-01  7.4740008512E-01
                       7.4740008512E-01  7.4740008512E-01  2.5259991488E-01
                       2.4064740917E-01  7.5935259083E-01  2.4064740917E-01
                       2.5259991488E-01  7.4740008512E-01  7.4740008512E-01
                       7.4740008512E-01  2.5259991488E-01  2.5259991488E-01
                       0.0000000000E+00  0.0000000000E+00  0.0000000000E+00
             xred2     2.5000000000E-01  2.5000000000E-01  2.5000000000E-01
                       7.5000000000E-01  7.5000000000E-01  7.5000000000E-01
                       7.5908809189E-01  2.4091190811E-01  7.5908809189E-01
                       2.5273785091E-01  2.5273785091E-01  7.4726214909E-01
                       7.4726214909E-01  7.4726214909E-01  2.5273785091E-01
                       2.4091190811E-01  7.5908809189E-01  2.4091190811E-01
                       2.5273785091E-01  7.4726214909E-01  7.4726214909E-01
                       7.4726214909E-01  2.5273785091E-01  2.5273785091E-01
                      -6.2898541537E-23  6.6216567682E-23  1.8947386823E-22
             xred3     2.5000000000E-01  2.5000000000E-01  2.5000000000E-01
                       7.5000000000E-01  7.5000000000E-01  7.5000000000E-01
                       7.5883064476E-01  2.4116935524E-01  7.5883064476E-01
                       2.5288165543E-01  2.5288165543E-01  7.4711834457E-01
                       7.4711834457E-01  7.4711834457E-01  2.5288165543E-01
                       2.4116935524E-01  7.5883064476E-01  2.4116935524E-01
                       2.5288165543E-01  7.4711834457E-01  7.4711834457E-01
                       7.4711834457E-01  2.5288165543E-01  2.5288165543E-01
                       0.0000000000E+00  0.0000000000E+00  0.0000000000E+00
             xred4     2.5000000000E-01  2.5000000000E-01  2.5000000000E-01
                       7.5000000000E-01  7.5000000000E-01  7.5000000000E-01
                       7.5858889304E-01  2.4141110696E-01  7.5858889304E-01
                       2.5303006069E-01  2.5303006069E-01  7.4696993931E-01
                       7.4696993931E-01  7.4696993931E-01  2.5303006069E-01
                       2.4141110696E-01  7.5858889304E-01  2.4141110696E-01
                       2.5303006069E-01  7.4696993931E-01  7.4696993931E-01
                       7.4696993931E-01  2.5303006069E-01  2.5303006069E-01
                      -2.0671889401E-22  2.4426286238E-22 -2.0595617039E-22
             xred5     2.5000000000E-01  2.5000000000E-01  2.5000000000E-01
                       7.5000000000E-01  7.5000000000E-01  7.5000000000E-01
                       7.5831739908E-01  2.4168260092E-01  7.5831739908E-01
                       2.5316873619E-01  2.5316873619E-01  7.4683126381E-01
                       7.4683126381E-01  7.4683126381E-01  2.5316873619E-01
                       2.4168260092E-01  7.5831739908E-01  2.4168260092E-01
                       2.5316873619E-01  7.4683126381E-01  7.4683126381E-01
                       7.4683126381E-01  2.5316873619E-01  2.5316873619E-01
                       3.4533350613E-22 -3.1324669219E-22  1.1637253978E-22
             xred6     2.5000000000E-01  2.5000000000E-01  2.5000000000E-01
                       7.5000000000E-01  7.5000000000E-01  7.5000000000E-01
                       7.5808793106E-01  2.4191206894E-01  7.5808793106E-01
                       2.5332456271E-01  2.5332456271E-01  7.4667543729E-01
                       7.4667543729E-01  7.4667543729E-01  2.5332456271E-01
                       2.4191206894E-01  7.5808793106E-01  2.4191206894E-01
                       2.5332456271E-01  7.4667543729E-01  7.4667543729E-01
                       7.4667543729E-01  2.5332456271E-01  2.5332456271E-01
                       1.0253087184E-22  5.2719049475E-23 -2.5620920338E-22
             xred7     2.5000000000E-01  2.5000000000E-01  2.5000000000E-01
                       7.5000000000E-01  7.5000000000E-01  7.5000000000E-01
                       7.5782635580E-01  2.4217364420E-01  7.5782635580E-01
                       2.5346539071E-01  2.5346539071E-01  7.4653460929E-01
                       7.4653460929E-01  7.4653460929E-01  2.5346539071E-01
                       2.4217364420E-01  7.5782635580E-01  2.4217364420E-01
                       2.5346539071E-01  7.4653460929E-01  7.4653460929E-01
                       7.4653460929E-01  2.5346539071E-01  2.5346539071E-01
                      -1.9059965785E-22  1.5103559288E-22  7.5971840612E-23
             xred8     2.5000000000E-01  2.5000000000E-01  2.5000000000E-01
                       7.5000000000E-01  7.5000000000E-01  7.5000000000E-01
                       7.5762634495E-01  2.4237365505E-01  7.5762634495E-01
                       2.5363010262E-01  2.5363010262E-01  7.4636989738E-01
                       7.4636989738E-01  7.4636989738E-01  2.5363010262E-01
                       2.4237365505E-01  7.5762634495E-01  2.4237365505E-01
                       2.5363010262E-01  7.4636989738E-01  7.4636989738E-01
                       7.4636989738E-01  2.5363010262E-01  2.5363010262E-01
                      -1.1695806043E-21  7.5051122569E-23  1.0435383515E-21
             xred9     2.5000000000E-01  2.5000000000E-01  2.5000000000E-01
                       7.5000000000E-01  7.5000000000E-01  7.5000000000E-01
                       7.5737847605E-01  2.4262152395E-01  7.5737847605E-01
                       2.5377607900E-01  2.5377607900E-01  7.4622392100E-01
                       7.4622392100E-01  7.4622392100E-01  2.5377607900E-01
                       2.4262152395E-01  7.5737847605E-01  2.4262152395E-01
                       2.5377607900E-01  7.4622392100E-01  7.4622392100E-01
                       7.4622392100E-01  2.5377607900E-01  2.5377607900E-01
                      -3.8016528645E-22 -6.5946365920E-23  2.0063326355E-22
             xred10    2.5000000000E-01  2.5000000000E-01  2.5000000000E-01
                       7.5000000000E-01  7.5000000000E-01  7.5000000000E-01
                       7.5717319428E-01  2.4282680572E-01  7.5717319428E-01
                       2.5393786491E-01  2.5393786491E-01  7.4606213509E-01
                       7.4606213509E-01  7.4606213509E-01  2.5393786491E-01
                       2.4282680572E-01  7.5717319428E-01  2.4282680572E-01
                       2.5393786491E-01  7.4606213509E-01  7.4606213509E-01
                       7.4606213509E-01  2.5393786491E-01  2.5393786491E-01
                      -7.8033123461E-22  5.4889826272E-22 -2.2250119512E-22

diemac 12.0
ecut 16
pawecutdg 40
ixc -101130
kptopt 1
ngkpt 12 12 12
prtden 1
iscf 17
nstep 2500
prtwf 0
nshiftk 1
shiftk 0 0 0
nband 42
toldfe 1.0d-8
