ndtset 10
            acell1     1.4441618785E+01  1.4462664188E+01  1.4441618785E+01
            acell2     1.4427503813E+01  1.4447497990E+01  1.4427503813E+01
            acell3     1.4414311140E+01  1.4430471694E+01  1.4414311140E+01
            acell4     1.4399195353E+01  1.4417325056E+01  1.4399195353E+01
            acell5     1.4385546743E+01  1.4401219611E+01  1.4385546743E+01
            acell6     1.4371138857E+01  1.4386645360E+01  1.4371138857E+01
            acell7     1.4357151825E+01  1.4371223333E+01  1.4357151825E+01
            acell8     1.4342674033E+01  1.4356789936E+01  1.4342674033E+01
            acell9     1.4328041084E+01  1.4342669048E+01  1.4328041084E+01
            acell10    1.4313892095E+01  1.4327573465E+01  1.4313892095E+01

            rprim1     0.0000000000E+00  7.0607482866E-01  7.0813722988E-01
                       7.0710678119E-01  0.0000000000E+00  7.0710678119E-01
                       7.0813722988E-01  7.0607482866E-01  0.0000000000E+00
            rprim2     0.0000000000E+00  7.0612548613E-01  7.0808671633E-01
                       7.0710678119E-01  0.0000000000E+00  7.0710678119E-01
                       7.0808671633E-01  7.0612548613E-01  0.0000000000E+00
            rprim3     0.0000000000E+00  7.0631312116E-01  7.0789955141E-01
                       7.0710678119E-01  0.0000000000E+00  7.0710678119E-01
                       7.0789955141E-01  7.0631312116E-01  0.0000000000E+00
            rprim4     0.0000000000E+00  7.0621535655E-01  7.0799708345E-01
                       7.0710678119E-01  0.0000000000E+00  7.0710678119E-01
                       7.0799708345E-01  7.0621535655E-01  0.0000000000E+00
            rprim5     0.0000000000E+00  7.0633555723E-01  7.0787716490E-01
                       7.0710678119E-01  0.0000000000E+00  7.0710678119E-01
                       7.0787716490E-01  7.0633555723E-01  0.0000000000E+00
            rprim6     0.0000000000E+00  7.0634298668E-01  7.0786975156E-01
                       7.0710678119E-01  0.0000000000E+00  7.0710678119E-01
                       7.0786975156E-01  7.0634298668E-01  0.0000000000E+00
            rprim7     0.0000000000E+00  7.0641306280E-01  7.0779981966E-01
                       7.0710678119E-01  0.0000000000E+00  7.0710678119E-01
                       7.0779981966E-01  7.0641306280E-01  0.0000000000E+00
            rprim8     0.0000000000E+00  7.0641016880E-01  7.0780270797E-01
                       7.0710678119E-01  0.0000000000E+00  7.0710678119E-01
                       7.0780270797E-01  7.0641016880E-01  0.0000000000E+00
            rprim9     0.0000000000E+00  7.0638413505E-01  7.0782868955E-01
                       7.0710678119E-01  0.0000000000E+00  7.0710678119E-01
                       7.0782868955E-01  7.0638413505E-01  0.0000000000E+00
            rprim10    0.0000000000E+00  7.0643027442E-01  7.0778264135E-01
                       7.0710678119E-01  0.0000000000E+00  7.0710678119E-01
                       7.0778264135E-01  7.0643027442E-01  0.0000000000E+00
natom    9  
ntypat   4  
typat    1 1 2 4 4 4 4 4 3      
znucl    55 53 72 35
             xred1     2.5227111324E-01  2.4772888676E-01  2.5227111324E-01
                       7.5227111324E-01  7.4772888676E-01  7.5227111324E-01
                       7.4091950003E-01  2.5908049997E-01  7.4091950003E-01
                       2.4156312837E-01  2.4035128365E-01  7.5964871635E-01
                       7.5964871635E-01  7.5843687163E-01  2.4156312837E-01
                       2.4674841182E-01  7.5325158818E-01  2.4674841182E-01
                       2.4156312837E-01  7.5843687163E-01  7.5964871635E-01
                       7.5964871635E-01  2.4035128365E-01  2.4156312837E-01
                       5.3661722336E-03 -5.3661722336E-03  5.3661722336E-03
             xred2     2.5223973621E-01  2.4776026379E-01  2.5223973621E-01
                       7.5223973621E-01  7.4776026379E-01  7.5223973621E-01
                       7.4081088382E-01  2.5918911618E-01  7.4081088382E-01
                       2.4176733010E-01  2.4059036154E-01  7.5940963846E-01
                       7.5940963846E-01  7.5823266990E-01  2.4176733010E-01
                       2.4696081820E-01  7.5303918180E-01  2.4696081820E-01
                       2.4176733010E-01  7.5823266990E-01  7.5940963846E-01
                       7.5940963846E-01  2.4059036154E-01  2.4176733010E-01
                       5.3948884610E-03 -5.3948884610E-03  5.3948884610E-03
             xred3     2.5223077082E-01  2.4776922918E-01  2.5223077082E-01
                       7.5223077082E-01  7.4776922918E-01  7.5223077082E-01
                       7.4073355821E-01  2.5926644179E-01  7.4073355821E-01
                       2.4200393640E-01  2.4083997155E-01  7.5916002845E-01
                       7.5916002845E-01  7.5799606360E-01  2.4200393640E-01
                       2.4708007257E-01  7.5291992743E-01  2.4708007257E-01
                       2.4200393640E-01  7.5799606360E-01  7.5916002845E-01
                       7.5916002845E-01  2.4083997155E-01  2.4200393640E-01
                       5.3968978959E-03 -5.3968978959E-03  5.3968978959E-03
             xred4     2.5223370421E-01  2.4776629579E-01  2.5223370421E-01
                       7.5223370421E-01  7.4776629579E-01  7.5223370421E-01
                       7.4054684294E-01  2.5945315706E-01  7.4054684294E-01
                       2.4214953594E-01  2.4104201316E-01  7.5895798684E-01
                       7.5895798684E-01  7.5785046406E-01  2.4214953594E-01
                       2.4734852710E-01  7.5265147290E-01  2.4734852710E-01
                       2.4214953594E-01  7.5785046406E-01  7.5895798684E-01
                       7.5895798684E-01  2.4104201316E-01  2.4214953594E-01
                       5.4221760026E-03 -5.4221760026E-03  5.4221760026E-03
             xred5     2.5219998288E-01  2.4780001712E-01  2.5219998288E-01
                       7.5219998288E-01  7.4780001712E-01  7.5219998288E-01
                       7.4045565989E-01  2.5954434011E-01  7.4045565989E-01
                       2.4236638615E-01  2.4127960039E-01  7.5872039961E-01
                       7.5872039961E-01  7.5763361385E-01  2.4236638615E-01
                       2.4752921890E-01  7.5247078110E-01  2.4752921890E-01
                       2.4236638615E-01  7.5763361385E-01  7.5872039961E-01
                       7.5872039961E-01  2.4127960039E-01  2.4236638615E-01
                       5.4415839374E-03 -5.4415839374E-03  5.4415839374E-03
             xred6     2.5216216341E-01  2.4783783659E-01  2.5216216341E-01
                       7.5216216341E-01  7.4783783659E-01  7.5216216341E-01
                       7.4032264807E-01  2.5967735193E-01  7.4032264807E-01
                       2.4255159576E-01  2.4148872627E-01  7.5851127373E-01
                       7.5851127373E-01  7.5744840424E-01  2.4255159576E-01
                       2.4775430599E-01  7.5224569401E-01  2.4775430599E-01
                       2.4255159576E-01  7.5744840424E-01  7.5851127373E-01
                       7.5851127373E-01  2.4148872627E-01  2.4255159576E-01
                       5.4729801549E-03 -5.4729801549E-03  5.4729801549E-03
             xred7     2.5218770694E-01  2.4781229306E-01  2.5218770694E-01
                       7.5218770694E-01  7.4781229306E-01  7.5218770694E-01
                       7.4019446480E-01  2.5980553520E-01  7.4019446480E-01
                       2.4274069698E-01  2.4172802992E-01  7.5827197008E-01
                       7.5827197008E-01  7.5725930302E-01  2.4274069698E-01
                       2.4792630099E-01  7.5207369901E-01  2.4792630099E-01
                       2.4274069698E-01  7.5725930302E-01  7.5827197008E-01
                       7.5827197008E-01  2.4172802992E-01  2.4274069698E-01
                       5.4784862193E-03 -5.4784862193E-03  5.4784862193E-03
             xred8     2.5219012397E-01  2.4780987603E-01  2.5219012397E-01
                       7.5219012397E-01  7.4780987603E-01  7.5219012397E-01
                       7.4003797008E-01  2.5996202992E-01  7.4003797008E-01
                       2.4291059163E-01  2.4193590233E-01  7.5806409767E-01
                       7.5806409767E-01  7.5708940837E-01  2.4291059163E-01
                       2.4814239804E-01  7.5185760196E-01  2.4814239804E-01
                       2.4291059163E-01  7.5708940837E-01  7.5806409767E-01
                       7.5806409767E-01  2.4193590233E-01  2.4291059163E-01
                       5.4900053406E-03 -5.4900053406E-03  5.4900053406E-03
             xred9     2.5216019592E-01  2.4783980408E-01  2.5216019592E-01
                       7.5216019592E-01  7.4783980408E-01  7.5216019592E-01
                       7.3989097817E-01  2.6010902183E-01  7.3989097817E-01
                       2.4308090823E-01  2.4214315531E-01  7.5785684469E-01
                       7.5785684469E-01  7.5691909177E-01  2.4308090823E-01
                       2.4838981493E-01  7.5161018507E-01  2.4838981493E-01
                       2.4308090823E-01  7.5691909177E-01  7.5785684469E-01
                       7.5785684469E-01  2.4214315531E-01  2.4308090823E-01
                       5.5233092254E-03 -5.5233092254E-03  5.5233092254E-03
             xred10    2.5212512227E-01  2.4787487773E-01  2.5212512227E-01
                       7.5212512227E-01  7.4787487773E-01  7.5212512227E-01
                       7.3977592097E-01  2.6022407903E-01  7.3977592097E-01
                       2.4327743619E-01  2.4236922078E-01  7.5763077922E-01
                       7.5763077922E-01  7.5672256381E-01  2.4327743619E-01
                       2.4860604198E-01  7.5139395802E-01  2.4860604198E-01
                       2.4327743619E-01  7.5672256381E-01  7.5763077922E-01
                       7.5763077922E-01  2.4236922078E-01  2.4327743619E-01
                       5.5513617074E-03 -5.5513617074E-03  5.5513617074E-03

diemac 12.0
ecut 16
pawecutdg 40
ixc -101130
kptopt 1
ngkpt 12 12 12
prtden 1
iscf 17
nstep 2500
prtwf 0
nshiftk 1
shiftk 0 0 0
nband 42
toldfe 1.0d-8
ecutsm 0.5
dilatmx 1.15
