ndtset 2
jdtset 19 20
            acell1     1.3803283181E+01  1.3803283181E+01  1.3803283181E+01
            acell2     1.3796378087E+01  1.3796378087E+01  1.3796378087E+01
            acell3     1.3789472993E+01  1.3789472993E+01  1.3789472993E+01
            acell4     1.3782567898E+01  1.3782567898E+01  1.3782567898E+01
            acell5     1.3775662804E+01  1.3775662804E+01  1.3775662804E+01
            acell6     1.3768757710E+01  1.3768757710E+01  1.3768757710E+01
            acell7     1.3761852616E+01  1.3761852616E+01  1.3761852616E+01
            acell8     1.3754947522E+01  1.3754947522E+01  1.3754947522E+01
            acell9     1.3748042428E+01  1.3748042428E+01  1.3748042428E+01
            acell10    1.3741137334E+01  1.3741137334E+01  1.3741137334E+01
            acell11    1.3734232239E+01  1.3734232239E+01  1.3734232239E+01
            acell12    1.3727327145E+01  1.3727327145E+01  1.3727327145E+01
            acell13    1.3720422051E+01  1.3720422051E+01  1.3720422051E+01
            acell14    1.3713516957E+01  1.3713516957E+01  1.3713516957E+01
            acell15    1.3706611863E+01  1.3706611863E+01  1.3706611863E+01
            acell16    1.3699706769E+01  1.3699706769E+01  1.3699706769E+01
            acell17    1.3692801675E+01  1.3692801675E+01  1.3692801675E+01
            acell18    1.3685896581E+01  1.3685896581E+01  1.3685896581E+01
            acell19    1.3678991486E+01  1.3678991486E+01  1.3678991486E+01
            acell20    1.3672086392E+01  1.3672086392E+01  1.3672086392E+01

            rprim      0.0000000000E+00  7.0710678119E-01  7.0710678119E-01
                       7.0710678119E-01  0.0000000000E+00  7.0710678119E-01
                       7.0710678119E-01  7.0710678119E-01  0.0000000000E+00
natom    9  
ntypat   3
  
typat  1 1 2 2 2 2 2 2 3 
     
znucl    55 35 40
             xred1     2.5000000000E-01  2.5000000000E-01  2.5000000000E-01
                       7.5000000000E-01  7.5000000000E-01  7.5000000000E-01
                       2.5245083124E-01  2.5245083124E-01  7.4754916876E-01
                       7.4754916876E-01  7.4754916876E-01  2.5245083124E-01
                       2.5245083124E-01  7.4754916876E-01  7.4754916876E-01
                       7.4754916876E-01  2.5245083124E-01  7.4754916876E-01
                       2.5245083124E-01  7.4754916876E-01  2.5245083124E-01
                       7.4754916876E-01  2.5245083124E-01  2.5245083124E-01
                      -2.7515283419E-21 -9.0970782101E-21  1.3613299183E-20
             xred2     2.5000000000E-01  2.5000000000E-01  2.5000000000E-01
                       7.5000000000E-01  7.5000000000E-01  7.5000000000E-01
                       2.5253865295E-01  2.5253865295E-01  7.4746134705E-01
                       7.4746134705E-01  7.4746134705E-01  2.5253865295E-01
                       2.5253865295E-01  7.4746134705E-01  7.4746134705E-01
                       7.4746134705E-01  2.5253865295E-01  7.4746134705E-01
                       2.5253865295E-01  7.4746134705E-01  2.5253865295E-01
                       7.4746134705E-01  2.5253865295E-01  2.5253865295E-01
                      -1.8930389140E-21 -9.0289811601E-21  1.2245440554E-20
             xred3     2.5000000000E-01  2.5000000000E-01  2.5000000000E-01
                       7.5000000000E-01  7.5000000000E-01  7.5000000000E-01
                       2.5263190628E-01  2.5263190628E-01  7.4736809372E-01
                       7.4736809372E-01  7.4736809372E-01  2.5263190628E-01
                       2.5263190628E-01  7.4736809372E-01  7.4736809372E-01
                       7.4736809372E-01  2.5263190628E-01  7.4736809372E-01
                       2.5263190628E-01  7.4736809372E-01  2.5263190628E-01
                       7.4736809372E-01  2.5263190628E-01  2.5263190628E-01
                      -6.1024422246E-21 -4.0264949953E-21  1.3406974517E-20
             xred4     2.5000000000E-01  2.5000000000E-01  2.5000000000E-01
                       7.5000000000E-01  7.5000000000E-01  7.5000000000E-01
                       2.5271618871E-01  2.5271618871E-01  7.4728381129E-01
                       7.4728381129E-01  7.4728381129E-01  2.5271618871E-01
                       2.5271618871E-01  7.4728381129E-01  7.4728381129E-01
                       7.4728381129E-01  2.5271618871E-01  7.4728381129E-01
                       2.5271618871E-01  7.4728381129E-01  2.5271618871E-01
                       7.4728381129E-01  2.5271618871E-01  2.5271618871E-01
                      -6.3151086079E-21 -2.7375205983E-21  1.0636060386E-20
             xred5     2.5000000000E-01  2.5000000000E-01  2.5000000000E-01
                       7.5000000000E-01  7.5000000000E-01  7.5000000000E-01
                       2.5280323622E-01  2.5280323622E-01  7.4719676378E-01
                       7.4719676378E-01  7.4719676378E-01  2.5280323622E-01
                       2.5280323622E-01  7.4719676378E-01  7.4719676378E-01
                       7.4719676378E-01  2.5280323622E-01  7.4719676378E-01
                       2.5280323622E-01  7.4719676378E-01  2.5280323622E-01
                       7.4719676378E-01  2.5280323622E-01  2.5280323622E-01
                       1.3801901634E-21 -1.0041364450E-20  1.0279238747E-20
             xred6     2.5000000000E-01  2.5000000000E-01  2.5000000000E-01
                       7.5000000000E-01  7.5000000000E-01  7.5000000000E-01
                       2.5288757107E-01  2.5288757107E-01  7.4711242893E-01
                       7.4711242893E-01  7.4711242893E-01  2.5288757107E-01
                       2.5288757107E-01  7.4711242893E-01  7.4711242893E-01
                       7.4711242893E-01  2.5288757107E-01  7.4711242893E-01
                       2.5288757107E-01  7.4711242893E-01  2.5288757107E-01
                       7.4711242893E-01  2.5288757107E-01  2.5288757107E-01
                       1.5727523886E-21 -1.0241167123E-20  1.0486281870E-20
             xred7     2.5000000000E-01  2.5000000000E-01  2.5000000000E-01
                       7.5000000000E-01  7.5000000000E-01  7.5000000000E-01
                       2.5297407918E-01  2.5297407918E-01  7.4702592082E-01
                       7.4702592082E-01  7.4702592082E-01  2.5297407918E-01
                       2.5297407918E-01  7.4702592082E-01  7.4702592082E-01
                       7.4702592082E-01  2.5297407918E-01  7.4702592082E-01
                       2.5297407918E-01  7.4702592082E-01  2.5297407918E-01
                       7.4702592082E-01  2.5297407918E-01  2.5297407918E-01
                      -6.1024422246E-21 -4.0264949953E-21  1.3406974517E-20
             xred8     2.5000000000E-01  2.5000000000E-01  2.5000000000E-01
                       7.5000000000E-01  7.5000000000E-01  7.5000000000E-01
                       2.5306055728E-01  2.5306055728E-01  7.4693944272E-01
                       7.4693944272E-01  7.4693944272E-01  2.5306055728E-01
                       2.5306055728E-01  7.4693944272E-01  7.4693944272E-01
                       7.4693944272E-01  2.5306055728E-01  7.4693944272E-01
                       2.5306055728E-01  7.4693944272E-01  2.5306055728E-01
                       7.4693944272E-01  2.5306055728E-01  2.5306055728E-01
                      -9.5706507907E-21 -5.8495168502E-21  1.4467797993E-20
             xred9     2.5000000000E-01  2.5000000000E-01  2.5000000000E-01
                       7.5000000000E-01  7.5000000000E-01  7.5000000000E-01
                       2.5314691969E-01  2.5314691969E-01  7.4685308031E-01
                       7.4685308031E-01  7.4685308031E-01  2.5314691969E-01
                       2.5314691969E-01  7.4685308031E-01  7.4685308031E-01
                       7.4685308031E-01  2.5314691969E-01  7.4685308031E-01
                       2.5314691969E-01  7.4685308031E-01  2.5314691969E-01
                       7.4685308031E-01  2.5314691969E-01  2.5314691969E-01
                      -1.3766052800E-20 -3.5519749478E-21  1.4355274894E-20
             xred10    2.5000000000E-01  2.5000000000E-01  2.5000000000E-01
                       7.5000000000E-01  7.5000000000E-01  7.5000000000E-01
                       2.5323022619E-01  2.5323022619E-01  7.4676977381E-01
                       7.4676977381E-01  7.4676977381E-01  2.5323022619E-01
                       2.5323022619E-01  7.4676977381E-01  7.4676977381E-01
                       7.4676977381E-01  2.5323022619E-01  7.4676977381E-01
                       2.5323022619E-01  7.4676977381E-01  2.5323022619E-01
                       7.4676977381E-01  2.5323022619E-01  2.5323022619E-01
                      -6.1024422246E-21 -4.0264949953E-21  1.3406974517E-20
             xred11    2.5000000000E-01  2.5000000000E-01  2.5000000000E-01
                       7.5000000000E-01  7.5000000000E-01  7.5000000000E-01
                       2.5331088565E-01  2.5331088565E-01  7.4668911435E-01
                       7.4668911435E-01  7.4668911435E-01  2.5331088565E-01
                       2.5331088565E-01  7.4668911435E-01  7.4668911435E-01
                       7.4668911435E-01  2.5331088565E-01  7.4668911435E-01
                       2.5331088565E-01  7.4668911435E-01  2.5331088565E-01
                       7.4668911435E-01  2.5331088565E-01  2.5331088565E-01
                      -8.5106103347E-21 -3.8762741044E-21  1.6411413839E-20
             xred12    2.5000000000E-01  2.5000000000E-01  2.5000000000E-01
                       7.5000000000E-01  7.5000000000E-01  7.5000000000E-01
                       2.5339680518E-01  2.5339680518E-01  7.4660319482E-01
                       7.4660319482E-01  7.4660319482E-01  2.5339680518E-01
                       2.5339680518E-01  7.4660319482E-01  7.4660319482E-01
                       7.4660319482E-01  2.5339680518E-01  7.4660319482E-01
                       2.5339680518E-01  7.4660319482E-01  2.5339680518E-01
                       7.4660319482E-01  2.5339680518E-01  2.5339680518E-01
                      -6.8504685253E-21 -9.0127261350E-22  1.2368794387E-20
             xred13    2.5000000000E-01  2.5000000000E-01  2.5000000000E-01
                       7.5000000000E-01  7.5000000000E-01  7.5000000000E-01
                       2.5348669300E-01  2.5348669300E-01  7.4651330700E-01
                       7.4651330700E-01  7.4651330700E-01  2.5348669300E-01
                       2.5348669300E-01  7.4651330700E-01  7.4651330700E-01
                       7.4651330700E-01  2.5348669300E-01  7.4651330700E-01
                       2.5348669300E-01  7.4651330700E-01  2.5348669300E-01
                       7.4651330700E-01  2.5348669300E-01  2.5348669300E-01
                      -9.1096848247E-21  2.5958302193E-21  8.0392571810E-21
             xred14    2.5000000000E-01  2.5000000000E-01  2.5000000000E-01
                       7.5000000000E-01  7.5000000000E-01  7.5000000000E-01
                       2.5357059396E-01  2.5357059396E-01  7.4642940604E-01
                       7.4642940604E-01  7.4642940604E-01  2.5357059396E-01
                       2.5357059396E-01  7.4642940604E-01  7.4642940604E-01
                       7.4642940604E-01  2.5357059396E-01  7.4642940604E-01
                       2.5357059396E-01  7.4642940604E-01  2.5357059396E-01
                       7.4642940604E-01  2.5357059396E-01  2.5357059396E-01
                      -6.1024422246E-21 -4.0264949953E-21  1.3406974517E-20
             xred15    2.5000000000E-01  2.5000000000E-01  2.5000000000E-01
                       7.5000000000E-01  7.5000000000E-01  7.5000000000E-01
                       2.5365472221E-01  2.5365472221E-01  7.4634527779E-01
                       7.4634527779E-01  7.4634527779E-01  2.5365472221E-01
                       2.5365472221E-01  7.4634527779E-01  7.4634527779E-01
                       7.4634527779E-01  2.5365472221E-01  7.4634527779E-01
                       2.5365472221E-01  7.4634527779E-01  2.5365472221E-01
                       7.4634527779E-01  2.5365472221E-01  2.5365472221E-01
                      -6.5006348077E-21 -4.0144566916E-21  1.0663161787E-20
             xred16    2.5000000000E-01  2.5000000000E-01  2.5000000000E-01
                       7.5000000000E-01  7.5000000000E-01  7.5000000000E-01
                       2.5373394695E-01  2.5373394695E-01  7.4626605305E-01
                       7.4626605305E-01  7.4626605305E-01  2.5373394695E-01
                       2.5373394695E-01  7.4626605305E-01  7.4626605305E-01
                       7.4626605305E-01  2.5373394695E-01  7.4626605305E-01
                       2.5373394695E-01  7.4626605305E-01  2.5373394695E-01
                       7.4626605305E-01  2.5373394695E-01  2.5373394695E-01
                      -8.1588596040E-21 -7.9197624974E-21  1.2650297557E-20
             xred17    2.5000000000E-01  2.5000000000E-01  2.5000000000E-01
                       7.5000000000E-01  7.5000000000E-01  7.5000000000E-01
                       2.5382113088E-01  2.5382113088E-01  7.4617886912E-01
                       7.4617886912E-01  7.4617886912E-01  2.5382113088E-01
                       2.5382113088E-01  7.4617886912E-01  7.4617886912E-01
                       7.4617886912E-01  2.5382113088E-01  7.4617886912E-01
                       2.5382113088E-01  7.4617886912E-01  2.5382113088E-01
                       7.4617886912E-01  2.5382113088E-01  2.5382113088E-01
                      -6.4316274779E-21 -4.1302139458E-21  9.7452352427E-21
             xred18    2.5000000000E-01  2.5000000000E-01  2.5000000000E-01
                       7.5000000000E-01  7.5000000000E-01  7.5000000000E-01
                       2.5390614964E-01  2.5390614964E-01  7.4609385036E-01
                       7.4609385036E-01  7.4609385036E-01  2.5390614964E-01
                       2.5390614964E-01  7.4609385036E-01  7.4609385036E-01
                       7.4609385036E-01  2.5390614964E-01  7.4609385036E-01
                       2.5390614964E-01  7.4609385036E-01  2.5390614964E-01
                       7.4609385036E-01  2.5390614964E-01  2.5390614964E-01
                      -5.6458805418E-22 -3.2038855053E-21  4.4079742388E-21
             xred19    2.5000000000E-01  2.5000000000E-01  2.5000000000E-01
                       7.5000000000E-01  7.5000000000E-01  7.5000000000E-01
                       2.5398917875E-01  2.5398917875E-01  7.4601082125E-01
                       7.4601082125E-01  7.4601082125E-01  2.5398917875E-01
                       2.5398917875E-01  7.4601082125E-01  7.4601082125E-01
                       7.4601082125E-01  2.5398917875E-01  7.4601082125E-01
                       2.5398917875E-01  7.4601082125E-01  2.5398917875E-01
                       7.4601082125E-01  2.5398917875E-01  2.5398917875E-01
                      -6.1024422246E-21 -4.0264949953E-21  1.3406974517E-20
             xred20    2.5000000000E-01  2.5000000000E-01  2.5000000000E-01
                       7.5000000000E-01  7.5000000000E-01  7.5000000000E-01
                       2.5407141213E-01  2.5407141213E-01  7.4592858787E-01
                       7.4592858787E-01  7.4592858787E-01  2.5407141213E-01
                       2.5407141213E-01  7.4592858787E-01  7.4592858787E-01
                       7.4592858787E-01  2.5407141213E-01  7.4592858787E-01
                       2.5407141213E-01  7.4592858787E-01  2.5407141213E-01
                       7.4592858787E-01  2.5407141213E-01  2.5407141213E-01
                      -8.2234774276E-21 -1.6085703843E-21  1.4057621179E-20
         
diemac 12.0
ecut 16
pawecutdg 40
ixc -101130
kptopt 1
ngkpt 12 12 12
prtden 1
iscf 17
nstep 2500
prtwf 0
nshiftk 1
shiftk 0 0 0
nband 42
toldfe 1.0d-8
