ndtset 10
            acell1     1.5570243124E+01  1.5410398910E+01  1.5401625640E+01 
            acell2     1.5408674110E+01  1.5263431872E+01  1.5241385507E+01 
            acell3     1.5256407371E+01  1.5108803235E+01  1.5080175014E+01 
            acell4     1.5101642955E+01  1.4952486365E+01  1.4922944765E+01 
            acell5     1.4948867235E+01  1.4794561260E+01  1.4765486318E+01 
            acell6     1.4797769172E+01  1.4633432955E+01  1.4609679328E+01 
            acell7     1.4648115156E+01  1.4469817423E+01  1.4455063618E+01 
            acell8     1.4499150243E+01  1.4306089846E+01  1.4299997361E+01 
            acell9     1.4350047814E+01  1.4141443726E+01  1.4146043848E+01 
            acell10    1.4200658024E+01  1.3976705047E+01  1.3992519247E+01 

            rprim1     0.0000000000E+00  7.0671244456E-01  7.0750089802E-01
                       6.9928861641E-01  0.0000000000E+00  7.1483944418E-01
                       6.9968695414E-01  7.1444955470E-01  0.0000000000E+00
            rprim2     0.0000000000E+00  7.0610461956E-01  7.0810752449E-01
                       6.9928225905E-01  0.0000000000E+00  7.1484566319E-01
                       7.0029375715E-01  7.1385478474E-01  0.0000000000E+00
            rprim3     0.0000000000E+00  7.0579277639E-01  7.0841834872E-01
                       6.9877740204E-01  0.0000000000E+00  7.1533917997E-01
                       7.0010396188E-01  7.1404092499E-01  0.0000000000E+00
            rprim4     0.0000000000E+00  7.0573723847E-01  7.0847367646E-01
                       6.9857077606E-01  0.0000000000E+00  7.1554096377E-01
                       6.9995367324E-01  7.1418824921E-01  0.0000000000E+00
            rprim5     0.0000000000E+00  7.0574571076E-01  7.0846523679E-01
                       6.9824951277E-01  0.0000000000E+00  7.1585446699E-01
                       6.9962444642E-01  7.1451076547E-01  0.0000000000E+00
            rprim6     0.0000000000E+00  7.0598434705E-01  7.0822743643E-01
                       6.9791462682E-01  0.0000000000E+00  7.1618096433E-01
                       6.9904935425E-01  7.1507342303E-01  0.0000000000E+00
            rprim7     0.0000000000E+00  7.0640325014E-01  7.0780961295E-01
                       6.9755496759E-01  0.0000000000E+00  7.1653127440E-01
                       6.9826693890E-01  7.1583746901E-01  0.0000000000E+00
            rprim8     0.0000000000E+00  7.0681361568E-01  7.0739982520E-01
                       6.9712852967E-01  0.0000000000E+00  7.1694617170E-01
                       6.9742553987E-01  7.1665725164E-01  0.0000000000E+00
            rprim9     0.0000000000E+00  7.0733016077E-01  7.0688333101E-01
                       6.9675339155E-01  0.0000000000E+00  7.1731074951E-01
                       6.9652681577E-01  7.1753076234E-01  0.0000000000E+00
            rprim10    0.0000000000E+00  7.0788182771E-01  7.0633088421E-01
                       6.9640536514E-01  0.0000000000E+00  7.1764863785E-01
                       6.9561829502E-01  7.1841157259E-01  0.0000000000E+00

natom    9  
ntypat   4  

            typat 1 1 4 2 4 2 2 4 3
      
znucl    55 53 40 35 

             xred1     2.5102526634E-01  2.5102526634E-01  2.4897473366E-01
                       7.5102526634E-01  7.5102526634E-01  7.4897473366E-01
                       2.3091786484E-01  2.3091786484E-01  7.6908213516E-01
                       7.5634435118E-01  7.5634435118E-01  2.4365564882E-01
                       2.3268931993E-01  7.7196023422E-01  7.6731068007E-01
                       7.5167689563E-01  2.4892686167E-01  7.5107313833E-01
                       2.4892686167E-01  7.5167689563E-01  2.4832310437E-01
                       7.7196023422E-01  2.3268931993E-01  2.2803976578E-01
                       5.4339398712E-03  5.4339398712E-03 -5.4339398712E-03
             xred2     2.5091825735E-01  2.5091825735E-01  2.4908174265E-01
                       7.5091825735E-01  7.5091825735E-01  7.4908174265E-01
                       2.3317196332E-01  2.3317196332E-01  7.6682803668E-01
                       7.5465680852E-01  7.5465680852E-01  2.4534319148E-01
                       2.3477674831E-01  7.6989700010E-01  7.6522325169E-01
                       7.4912265522E-01  2.5093820597E-01  7.4906179403E-01
                       2.5093820597E-01  7.4912265522E-01  2.5087734478E-01
                       7.6989700010E-01  2.3477674831E-01  2.3010299990E-01
                       5.6001038710E-03  5.6001038710E-03 -5.6001038710E-03
             xred3     2.5094693375E-01  2.5094693375E-01  2.4905306625E-01
                       7.5094693375E-01  7.5094693375E-01  7.4905306625E-01
                       2.3535414836E-01  2.3535414836E-01  7.6464585164E-01
                       7.5301902877E-01  7.5301902877E-01  2.4698097123E-01
                       2.3701061717E-01  7.6741387719E-01  7.6298938283E-01
                       7.4685272662E-01  2.5270093649E-01  7.4729906351E-01
                       2.5270093649E-01  7.4685272662E-01  2.5314727338E-01
                       7.6741387719E-01  2.3701061717E-01  2.3258612281E-01
                       5.7547979140E-03  5.7547979140E-03 -5.7547979140E-03
             xred4     2.5084510841E-01  2.5084510841E-01  2.4915489159E-01
                       7.5084510841E-01  7.5084510841E-01  7.4915489159E-01
                       2.3769930387E-01  2.3769930387E-01  7.6230069613E-01
                       7.5135184723E-01  7.5135184723E-01  2.4864815277E-01
                       2.3920229006E-01  7.6508674018E-01  7.6079770994E-01
                       7.4467780882E-01  2.5432159130E-01  7.4567840870E-01
                       2.5432159130E-01  7.4467780882E-01  2.5532219118E-01
                       7.6508674018E-01  2.3920229006E-01  2.3491325982E-01
                       5.9702017267E-03  5.9702017267E-03 -5.9702017267E-03
             xred5     2.5076691858E-01  2.5076691858E-01  2.4923308142E-01
                       7.5076691858E-01  7.5076691858E-01  7.4923308142E-01
                       2.4004091791E-01  2.4004091791E-01  7.5995908209E-01
                       7.4977299328E-01  7.4977299328E-01  2.5022700672E-01
                       2.4137739947E-01  7.6265107263E-01  7.5862260053E-01
                       7.4258701494E-01  2.5583072296E-01  7.4416927704E-01
                       2.5583072296E-01  7.4258701494E-01  2.5741298506E-01
                       7.6265107263E-01  2.4137739947E-01  2.3734892737E-01
                       6.2060416591E-03  6.2060416591E-03 -6.2060416591E-03
             xred6     2.5070842644E-01  2.5070842644E-01  2.4929157356E-01
                       7.5070842644E-01  7.5070842644E-01  7.4929157356E-01
                       2.4240923713E-01  2.4240923713E-01  7.5759076287E-01
                       7.4822930721E-01  7.4822930721E-01  2.5177069279E-01
                       2.4351582692E-01  7.6010942767E-01  7.5648417308E-01
                       7.4067736375E-01  2.5718248173E-01  7.4281751827E-01
                       2.5718248173E-01  7.4067736375E-01  2.5932263625E-01
                       7.6010942767E-01  2.4351582692E-01  2.3989057233E-01
                       6.4595027289E-03  6.4595027289E-03 -6.4595027289E-03
             xred7     2.5055145408E-01  2.5055145408E-01  2.4944854592E-01
                       7.5055145408E-01  7.5055145408E-01  7.4944854592E-01
                       2.4484982724E-01  2.4484982724E-01  7.5515017276E-01
                       7.4675479308E-01  7.4675479308E-01  2.5324520692E-01
                       2.4560908841E-01  7.5752587577E-01  7.5439091159E-01
                       7.3897658026E-01  2.5837821351E-01  7.4162178649E-01
                       2.5837821351E-01  7.3897658026E-01  2.6102341974E-01
                       7.5752587577E-01  2.4560908841E-01  2.4247412423E-01
                       6.8027136034E-03  6.8027136034E-03 -6.8027136034E-03
             xred8     2.5037840303E-01  2.5037840303E-01  2.4962159697E-01
                       7.5037840303E-01  7.5037840303E-01  7.4962159697E-01
                       2.4726296243E-01  2.4726296243E-01  7.5273703757E-01
                       7.4541136739E-01  7.4541136739E-01  2.5458863261E-01
                       2.4759517737E-01  7.5490082446E-01  7.5240482263E-01
                       7.3738736317E-01  2.5949248723E-01  7.4050751277E-01
                       2.5949248723E-01  7.3738736317E-01  2.6261263683E-01
                       7.5490082446E-01  2.4759517737E-01  2.4509917554E-01
                       7.1930119024E-03  7.1930119024E-03 -7.1930119024E-03
             xred9     2.5022881599E-01  2.5022881599E-01  2.4977118401E-01
                       7.5022881599E-01  7.5022881599E-01  7.4977118401E-01
                       2.4964751622E-01  2.4964751622E-01  7.5035248378E-01
                       7.4410289274E-01  7.4410289274E-01  2.5589710726E-01
                       2.4944437666E-01  7.5226283078E-01  7.5055562334E-01
                       7.3597494098E-01  2.6050361575E-01  7.3949638425E-01
                       2.6050361575E-01  7.3597494098E-01  2.6402505902E-01
                       7.5226283078E-01  2.4944437666E-01  2.4773716922E-01
                       7.6061949026E-03  7.6061949026E-03 -7.6061949026E-03
             xred10    2.5006722370E-01  2.5006722370E-01  2.4993277630E-01
                       7.5006722370E-01  7.5006722370E-01  7.4993277630E-01
                       2.5201644515E-01  2.5201644515E-01  7.4798355485E-01
                       7.4288160207E-01  7.4288160207E-01  2.5711839793E-01
                       2.5116053792E-01  7.4964727042E-01  7.4883946208E-01
                       7.3465859669E-01  2.6141085498E-01  7.3858914502E-01
                       2.6141085498E-01  7.3465859669E-01  2.6534140331E-01
                       7.4964727042E-01  2.5116053792E-01  2.5035272958E-01
                       8.0902453806E-03  8.0902453806E-03 -8.0902453806E-03

         
getxred1 0
getxred -1

diemac 12.0
ecut 16
pawecutdg 40
ixc -101130
kptopt 1
ngkpt 4 4 4
prtden 1
iscf 17
nstep 2500
prtwf 0
nshiftk 4
shiftk  0.5 0.5 0.5
        0.5 0.0 0.0
        0.0 0.5 0.0
        0.0 0.0 0.5
nband 42

toldff 1.0d-8
tolmxf 1.0d-5
ionmov 2
optcell 3
ecutsm 0.5
dilatmx 1.15
