ndtset 10
            acell1     1.4081070920E+01  1.4081070920E+01  1.4081070920E+01
            acell2     1.4066975754E+01  1.4066975754E+01  1.4066975754E+01
            acell3     1.4052880588E+01  1.4052880588E+01  1.4052880588E+01
            acell4     1.4038785422E+01  1.4038785422E+01  1.4038785422E+01
            acell5     1.4024690256E+01  1.4024690256E+01  1.4024690256E+01
            acell6     1.4010595089E+01  1.4010595089E+01  1.4010595089E+01
            acell7     1.3996499923E+01  1.3996499923E+01  1.3996499923E+01
            acell8     1.3982404757E+01  1.3982404757E+01  1.3982404757E+01
            acell9     1.3968309591E+01  1.3968309591E+01  1.3968309591E+01
            acell10    1.3954214425E+01  1.3954214425E+01  1.3954214425E+01




            rprim      0.0000000000E+00  7.0710678119E-01  7.0710678119E-01
                       7.0710678119E-01  0.0000000000E+00  7.0710678119E-01
                       7.0710678119E-01  7.0710678119E-01  0.0000000000E+00
natom    9  
ntypat   3
  
typat  1 1 2 2 2 2 2 2 3 
     
znucl    55 35 72
             xred1     2.5000000000E-01  2.5000000000E-01  2.5000000000E-01
                       7.5000000000E-01  7.5000000000E-01  7.5000000000E-01
                       7.5279997159E-01  2.4720002841E-01  7.5279997159E-01
                       2.4720002841E-01  2.4720002841E-01  7.5279997159E-01
                       7.5279997159E-01  7.5279997159E-01  2.4720002841E-01
                       2.4720002841E-01  7.5279997159E-01  2.4720002841E-01
                       2.4720002841E-01  7.5279997159E-01  7.5279997159E-01
                       7.5279997159E-01  2.4720002841E-01  2.4720002841E-01
                      -4.1153745827E-20  3.6371067088E-19 -7.6217461342E-20
             xred2     2.5000000000E-01  2.5000000000E-01  2.5000000000E-01
                       7.5000000000E-01  7.5000000000E-01  7.5000000000E-01
                       7.5260989142E-01  2.4739010858E-01  7.5260989142E-01
                       2.4739010858E-01  2.4739010858E-01  7.5260989142E-01
                       7.5260989142E-01  7.5260989142E-01  2.4739010858E-01
                       2.4739010858E-01  7.5260989142E-01  2.4739010858E-01
                       2.4739010858E-01  7.5260989142E-01  7.5260989142E-01
                       7.5260989142E-01  2.4739010858E-01  2.4739010858E-01
                      -3.3184869380E-20  3.6842550879E-19 -9.7237851461E-20
             xred3     2.5000000000E-01  2.5000000000E-01  2.5000000000E-01
                       7.5000000000E-01  7.5000000000E-01  7.5000000000E-01
                       7.5241958140E-01  2.4758041860E-01  7.5241958140E-01
                       2.4758041860E-01  2.4758041860E-01  7.5241958140E-01
                       7.5241958140E-01  7.5241958140E-01  2.4758041860E-01
                       2.4758041860E-01  7.5241958140E-01  2.4758041860E-01
                       2.4758041860E-01  7.5241958140E-01  7.5241958140E-01
                       7.5241958140E-01  2.4758041860E-01  2.4758041860E-01
                      -4.2151291083E-20  3.6284166464E-19 -7.6525162933E-20
             xred4     2.5000000000E-01  2.5000000000E-01  2.5000000000E-01
                       7.5000000000E-01  7.5000000000E-01  7.5000000000E-01
                       7.5223098575E-01  2.4776901425E-01  7.5223098575E-01
                       2.4776901425E-01  2.4776901425E-01  7.5223098575E-01
                       7.5223098575E-01  7.5223098575E-01  2.4776901425E-01
                       2.4776901425E-01  7.5223098575E-01  2.4776901425E-01
                       2.4776901425E-01  7.5223098575E-01  7.5223098575E-01
                       7.5223098575E-01  2.4776901425E-01  2.4776901425E-01
                      -4.8803141622E-20  3.5604135866E-19 -6.3107237926E-20
             xred5     2.5000000000E-01  2.5000000000E-01  2.5000000000E-01
                       7.5000000000E-01  7.5000000000E-01  7.5000000000E-01
                       7.5203453044E-01  2.4796546956E-01  7.5203453044E-01
                       2.4796546956E-01  2.4796546956E-01  7.5203453044E-01
                       7.5203453044E-01  7.5203453044E-01  2.4796546956E-01
                       2.4796546956E-01  7.5203453044E-01  2.4796546956E-01
                       2.4796546956E-01  7.5203453044E-01  7.5203453044E-01
                       7.5203453044E-01  2.4796546956E-01  2.4796546956E-01
                      -4.2151291083E-20  3.6284166464E-19 -7.6525162933E-20
             xred6     2.5000000000E-01  2.5000000000E-01  2.5000000000E-01
                       7.5000000000E-01  7.5000000000E-01  7.5000000000E-01
                       7.5184792718E-01  2.4815207282E-01  7.5184792718E-01
                       2.4815207282E-01  2.4815207282E-01  7.5184792718E-01
                       7.5184792718E-01  7.5184792718E-01  2.4815207282E-01
                       2.4815207282E-01  7.5184792718E-01  2.4815207282E-01
                       2.4815207282E-01  7.5184792718E-01  7.5184792718E-01
                       7.5184792718E-01  2.4815207282E-01  2.4815207282E-01
                      -4.7656720915E-20  3.7028784675E-19 -8.4887648676E-20
             xred7     2.5000000000E-01  2.5000000000E-01  2.5000000000E-01
                       7.5000000000E-01  7.5000000000E-01  7.5000000000E-01
                       7.5165527956E-01  2.4834472044E-01  7.5165527956E-01
                       2.4834472044E-01  2.4834472044E-01  7.5165527956E-01
                       7.5165527956E-01  7.5165527956E-01  2.4834472044E-01
                       2.4834472044E-01  7.5165527956E-01  2.4834472044E-01
                       2.4834472044E-01  7.5165527956E-01  7.5165527956E-01
                       7.5165527956E-01  2.4834472044E-01  2.4834472044E-01
                      -5.2191766228E-20  3.7837592370E-19 -8.1446098792E-20
             xred8     2.5000000000E-01  2.5000000000E-01  2.5000000000E-01
                       7.5000000000E-01  7.5000000000E-01  7.5000000000E-01
                       7.5146670493E-01  2.4853329507E-01  7.5146670493E-01
                       2.4853329507E-01  2.4853329507E-01  7.5146670493E-01
                       7.5146670493E-01  7.5146670493E-01  2.4853329507E-01
                       2.4853329507E-01  7.5146670493E-01  2.4853329507E-01
                       2.4853329507E-01  7.5146670493E-01  7.5146670493E-01
                       7.5146670493E-01  2.4853329507E-01  2.4853329507E-01
                      -5.3903200563E-20  3.7726710167E-19 -8.0035970610E-20
             xred9     2.5000000000E-01  2.5000000000E-01  2.5000000000E-01
                       7.5000000000E-01  7.5000000000E-01  7.5000000000E-01
                       7.5127793029E-01  2.4872206971E-01  7.5127793029E-01
                       2.4872206971E-01  2.4872206971E-01  7.5127793029E-01
                       7.5127793029E-01  7.5127793029E-01  2.4872206971E-01
                       2.4872206971E-01  7.5127793029E-01  2.4872206971E-01
                       2.4872206971E-01  7.5127793029E-01  7.5127793029E-01
                       7.5127793029E-01  2.4872206971E-01  2.4872206971E-01
                      -4.2151291083E-20  3.6284166464E-19 -7.6525162933E-20
             xred10    2.5000000000E-01  2.5000000000E-01  2.5000000000E-01
                       7.5000000000E-01  7.5000000000E-01  7.5000000000E-01
                       7.5109070236E-01  2.4890929764E-01  7.5109070236E-01
                       2.4890929764E-01  2.4890929764E-01  7.5109070236E-01
                       7.5109070236E-01  7.5109070236E-01  2.4890929764E-01
                       2.4890929764E-01  7.5109070236E-01  2.4890929764E-01
                       2.4890929764E-01  7.5109070236E-01  7.5109070236E-01
                       7.5109070236E-01  2.4890929764E-01  2.4890929764E-01
                      -4.3765899490E-20  3.6508945525E-19 -7.8824876548E-20
         
diemac 12.0
ecut 16
pawecutdg 40
ixc -101130
kptopt 1
ngkpt 12 12 12
prtden 1
iscf 17
nstep 2500
prtwf 0
nshiftk 1
shiftk 0 0 0
nband 42
toldfe 1.0d-8
ecutsm 0.5
dilatmx 1.15
