ndtset 9
            acell1     1.3656313766E+01  1.3656313766E+01  1.3656313766E+01
            acell2     1.3641923552E+01  1.3641923552E+01  1.3641923552E+01
            acell3     1.3627533337E+01  1.3627533337E+01  1.3627533337E+01
            acell4     1.3613143122E+01  1.3613143122E+01  1.3613143122E+01
            acell5     1.3598752907E+01  1.3598752907E+01  1.3598752907E+01
            acell6     1.3584362693E+01  1.3584362693E+01  1.3584362693E+01
            acell7     1.3569972478E+01  1.3569972478E+01  1.3569972478E+01
            acell8     1.3555582263E+01  1.3555582263E+01  1.3555582263E+01
            acell9     1.3541192049E+01  1.3541192049E+01  1.3541192049E+01

            rprim      0.0000000000E+00  7.0710678119E-01  7.0710678119E-01
                       7.0710678119E-01  0.0000000000E+00  7.0710678119E-01
                       7.0710678119E-01  7.0710678119E-01  0.0000000000E+00
natom    9  
ntypat   3
  
typat  1 1 2 2 2 2 2 2 3 
     
znucl    55 17 72
             xred1     2.5000000000E-01  2.5000000000E-01  2.5000000000E-01
                       7.5000000000E-01  7.5000000000E-01  7.5000000000E-01
                       7.5982209026E-01  2.4017790974E-01  7.5982209026E-01
                       2.4017790974E-01  2.4017790974E-01  7.5982209026E-01
                       7.5982209026E-01  7.5982209026E-01  2.4017790974E-01
                       2.4017790974E-01  7.5982209026E-01  2.4017790974E-01
                       2.4017790974E-01  7.5982209026E-01  7.5982209026E-01
                       7.5982209026E-01  2.4017790974E-01  2.4017790974E-01
                      -1.6198763115E-20  1.0965628074E-20 -2.4128560698E-21
             xred2     2.5000000000E-01  2.5000000000E-01  2.5000000000E-01
                       7.5000000000E-01  7.5000000000E-01  7.5000000000E-01
                       7.5960499132E-01  2.4039500868E-01  7.5960499132E-01
                       2.4039500868E-01  2.4039500868E-01  7.5960499132E-01
                       7.5960499132E-01  7.5960499132E-01  2.4039500868E-01
                       2.4039500868E-01  7.5960499132E-01  2.4039500868E-01
                       2.4039500868E-01  7.5960499132E-01  7.5960499132E-01
                       7.5960499132E-01  2.4039500868E-01  2.4039500868E-01
                      -1.9755902927E-20  1.6144972426E-20 -1.0583409824E-20
             xred3     2.5000000000E-01  2.5000000000E-01  2.5000000000E-01
                       7.5000000000E-01  7.5000000000E-01  7.5000000000E-01
                       7.5938932800E-01  2.4061067200E-01  7.5938932800E-01
                       2.4061067200E-01  2.4061067200E-01  7.5938932800E-01
                       7.5938932800E-01  7.5938932800E-01  2.4061067200E-01
                       2.4061067200E-01  7.5938932800E-01  2.4061067200E-01
                       2.4061067200E-01  7.5938932800E-01  7.5938932800E-01
                       7.5938932800E-01  2.4061067200E-01  2.4061067200E-01
                      -1.9351830535E-20  1.7392440380E-20 -2.5468309800E-20
             xred4     2.5000000000E-01  2.5000000000E-01  2.5000000000E-01
                       7.5000000000E-01  7.5000000000E-01  7.5000000000E-01
                       7.5917139846E-01  2.4082860154E-01  7.5917139846E-01
                       2.4082860154E-01  2.4082860154E-01  7.5917139846E-01
                       7.5917139846E-01  7.5917139846E-01  2.4082860154E-01
                       2.4082860154E-01  7.5917139846E-01  2.4082860154E-01
                       2.4082860154E-01  7.5917139846E-01  7.5917139846E-01
                       7.5917139846E-01  2.4082860154E-01  2.4082860154E-01
                      -5.7932279709E-21 -4.9569720499E-22  7.7839234984E-21
             xred5     2.5000000000E-01  2.5000000000E-01  2.5000000000E-01
                       7.5000000000E-01  7.5000000000E-01  7.5000000000E-01
                       7.5895158526E-01  2.4104841474E-01  7.5895158526E-01
                       2.4104841474E-01  2.4104841474E-01  7.5895158526E-01
                       7.5895158526E-01  7.5895158526E-01  2.4104841474E-01
                       2.4104841474E-01  7.5895158526E-01  2.4104841474E-01
                       2.4104841474E-01  7.5895158526E-01  7.5895158526E-01
                       7.5895158526E-01  2.4104841474E-01  2.4104841474E-01
                      -2.1199021361E-20  1.9030030107E-20  1.2213296137E-21
             xred6     2.5000000000E-01  2.5000000000E-01  2.5000000000E-01
                       7.5000000000E-01  7.5000000000E-01  7.5000000000E-01
                       7.5873213300E-01  2.4126786700E-01  7.5873213300E-01
                       2.4126786700E-01  2.4126786700E-01  7.5873213300E-01
                       7.5873213300E-01  7.5873213300E-01  2.4126786700E-01
                       2.4126786700E-01  7.5873213300E-01  2.4126786700E-01
                       2.4126786700E-01  7.5873213300E-01  7.5873213300E-01
                       7.5873213300E-01  2.4126786700E-01  2.4126786700E-01
                      -5.7932279709E-21 -4.9569720499E-22  7.7839234984E-21
             xred7     2.5000000000E-01  2.5000000000E-01  2.5000000000E-01
                       7.5000000000E-01  7.5000000000E-01  7.5000000000E-01
                       7.5851284660E-01  2.4148715340E-01  7.5851284660E-01
                       2.4148715340E-01  2.4148715340E-01  7.5851284660E-01
                       7.5851284660E-01  7.5851284660E-01  2.4148715340E-01
                       2.4148715340E-01  7.5851284660E-01  2.4148715340E-01
                       2.4148715340E-01  7.5851284660E-01  7.5851284660E-01
                       7.5851284660E-01  2.4148715340E-01  2.4148715340E-01
                      -1.7576304142E-20  2.1070120950E-21  1.6720771104E-20
             xred8     2.5000000000E-01  2.5000000000E-01  2.5000000000E-01
                       7.5000000000E-01  7.5000000000E-01  7.5000000000E-01
                       7.5829459674E-01  2.4170540326E-01  7.5829459674E-01
                       2.4170540326E-01  2.4170540326E-01  7.5829459674E-01
                       7.5829459674E-01  7.5829459674E-01  2.4170540326E-01
                       2.4170540326E-01  7.5829459674E-01  2.4170540326E-01
                       2.4170540326E-01  7.5829459674E-01  7.5829459674E-01
                       7.5829459674E-01  2.4170540326E-01  2.4170540326E-01
                      -5.7932279709E-21 -4.9569720499E-22  7.7839234984E-21
             xred9     2.5000000000E-01  2.5000000000E-01  2.5000000000E-01
                       7.5000000000E-01  7.5000000000E-01  7.5000000000E-01
                       7.5807573169E-01  2.4192426831E-01  7.5807573169E-01
                       2.4192426831E-01  2.4192426831E-01  7.5807573169E-01
                       7.5807573169E-01  7.5807573169E-01  2.4192426831E-01
                       2.4192426831E-01  7.5807573169E-01  2.4192426831E-01
                       2.4192426831E-01  7.5807573169E-01  7.5807573169E-01
                       7.5807573169E-01  2.4192426831E-01  2.4192426831E-01
                       5.8493880290E-22 -1.3458519351E-20  8.1388207873E-21
         
getxred1 0
getxred -1

diemac 12.0
ecut 16
pawecutdg 40
ixc -101130
kptopt 1
ngkpt 4 4 4
prtden 1
iscf 17
nstep 50
prtwf 0
nshiftk 4
shiftk  0.5 0.5 0.5
        0.5 0.0 0.0
        0.0 0.5 0.0
        0.0 0.0 0.5
nband 42

toldff 1.0d-8
tolmxf 1.0d-5
ionmov 2
optcell 3
ecutsm 0.5
dilatmx 1.15
