ndtset 10
            acell1     1.4568087619E+01  1.4381330249E+01  1.4371018966E+01
            acell2     1.4560826401E+01  1.4373899828E+01  1.4364155654E+01
            acell3     1.4553926899E+01  1.4366576162E+01  1.4356858660E+01
            acell4     1.4547360504E+01  1.4358558397E+01  1.4349951629E+01
            acell5     1.4540267078E+01  1.4351035913E+01  1.4343028422E+01
            acell6     1.4533665616E+01  1.4343219575E+01  1.4335953138E+01
            acell7     1.4527328885E+01  1.4335353951E+01  1.4328688063E+01
            acell8     1.4520253641E+01  1.4328048394E+01  1.4321532542E+01
            acell9     1.4513146510E+01  1.4320615562E+01  1.4314532793E+01
            acell10    1.4506174765E+01  1.4313210370E+01  1.4307383163E+01

            rprim1     0.0000000000E+00  7.0661271207E-01  7.0760050533E-01
                       6.9728964458E-01  0.0000000000E+00  7.1678947506E-01
                       6.9778995363E-01  7.1630243656E-01  0.0000000000E+00
            rprim2     0.0000000000E+00  7.0663966081E-01  7.0757359318E-01
                       6.9730422328E-01  0.0000000000E+00  7.1677529268E-01
                       6.9777725166E-01  7.1631481003E-01  0.0000000000E+00
            rprim3     0.0000000000E+00  7.0664073521E-01  7.0757252020E-01
                       6.9727904401E-01  0.0000000000E+00  7.1679978710E-01
                       6.9775100033E-01  7.1634038106E-01  0.0000000000E+00
            rprim4     0.0000000000E+00  7.0669386280E-01  7.0751945859E-01
                       6.9725548682E-01  0.0000000000E+00  7.1682270200E-01
                       6.9767368452E-01  7.1641568236E-01  0.0000000000E+00
            rprim5     0.0000000000E+00  7.0672244011E-01  7.0749091347E-01
                       6.9725845992E-01  0.0000000000E+00  7.1681981004E-01
                       6.9764772853E-01  7.1644095840E-01  0.0000000000E+00
            rprim6     0.0000000000E+00  7.0675788200E-01  7.0745550830E-01
                       6.9722850811E-01  0.0000000000E+00  7.1684894328E-01
                       6.9758191097E-01  7.1650504359E-01  0.0000000000E+00
            rprim7     0.0000000000E+00  7.0678661369E-01  7.0742680378E-01
                       6.9717553790E-01  0.0000000000E+00  7.1690045987E-01
                       6.9749987282E-01  7.1658490593E-01  0.0000000000E+00
            rprim8     0.0000000000E+00  7.0679367459E-01  7.0741974920E-01
                       6.9716622907E-01  0.0000000000E+00  7.1690951246E-01
                       6.9748341800E-01  7.1660092215E-01  0.0000000000E+00
            rprim9     0.0000000000E+00  7.0681435086E-01  7.0739909063E-01
                       6.9716614846E-01  0.0000000000E+00  7.1690959085E-01
                       6.9746239987E-01  7.1662137895E-01  0.0000000000E+00
            rprim10    0.0000000000E+00  7.0682651264E-01  7.0738693869E-01
                       6.9715172414E-01  0.0000000000E+00  7.1692361764E-01
                       6.9743566477E-01  7.1664739831E-01  0.0000000000E+00

natom    9  
ntypat   4  

            typat 1 1 4 2 4 2 2 4 3
      
znucl    55 53 40 35 

             xred1     2.5049983335E-01  2.5049983335E-01  2.4950016665E-01
                       7.5049983335E-01  7.5049983335E-01  7.4950016665E-01
                       2.4613271722E-01  2.4613271722E-01  7.5386728278E-01
                       7.4600706056E-01  7.4600706056E-01  2.5399293944E-01
                       2.4665523434E-01  7.5604158827E-01  7.5334476566E-01
                       7.3814927752E-01  2.5902264059E-01  7.4097735941E-01
                       2.5902264059E-01  7.3814927752E-01  2.6185072248E-01
                       7.5604158827E-01  2.4665523434E-01  2.4395841173E-01
                       6.9918148253E-03  6.9918148253E-03 -6.9918148253E-03
             xred2     2.5048904076E-01  2.5048904076E-01  2.4951095924E-01
                       7.5048904076E-01  7.5048904076E-01  7.4951095924E-01
                       2.4625210318E-01  2.4625210318E-01  7.5374789682E-01
                       7.4594720103E-01  7.4594720103E-01  2.5405279897E-01
                       2.4672722512E-01  7.5593140745E-01  7.5327277488E-01
                       7.3806862894E-01  2.5907914247E-01  7.4092085753E-01
                       2.5907914247E-01  7.3806862894E-01  2.6193137106E-01
                       7.5593140745E-01  2.4672722512E-01  2.4406859255E-01
                       7.0162103008E-03  7.0162103008E-03 -7.0162103008E-03
             xred3     2.5047534624E-01  2.5047534624E-01  2.4952465376E-01
                       7.5047534624E-01  7.5047534624E-01  7.4952465376E-01
                       2.4636152295E-01  2.4636152295E-01  7.5363847705E-01
                       7.4589074628E-01  7.4589074628E-01  2.5410925372E-01
                       2.4682523662E-01  7.5582180537E-01  7.5317476338E-01
                       7.3798622086E-01  2.5912997001E-01  7.4087002999E-01
                       2.5912997001E-01  7.3798622086E-01  2.6201377914E-01
                       7.5582180537E-01  2.4682523662E-01  2.4417819463E-01
                       7.0338054356E-03  7.0338054356E-03 -7.0338054356E-03
             xred4     2.5046984134E-01  2.5046984134E-01  2.4953015866E-01
                       7.5046984134E-01  7.5046984134E-01  7.4953015866E-01
                       2.4648511829E-01  2.4648511829E-01  7.5351488171E-01
                       7.4582215496E-01  7.4582215496E-01  2.5417784504E-01
                       2.4692156601E-01  7.5568548761E-01  7.5307843399E-01
                       7.3792594115E-01  2.5916488031E-01  7.4083511969E-01
                       2.5916488031E-01  7.3792594115E-01  2.6207405885E-01
                       7.5568548761E-01  2.4692156601E-01  2.4431451239E-01
                       7.0551690039E-03  7.0551690039E-03 -7.0551690039E-03
             xred5     2.5045257520E-01  2.5045257520E-01  2.4954742480E-01
                       7.5045257520E-01  7.5045257520E-01  7.4954742480E-01
                       2.4660482799E-01  2.4660482799E-01  7.5339517201E-01
                       7.4575925400E-01  7.4575925400E-01  2.5424074600E-01
                       2.4700780691E-01  7.5557709719E-01  7.5299219309E-01
                       7.3785140435E-01  2.5921613900E-01  7.4078386100E-01
                       2.5921613900E-01  7.3785140435E-01  2.6214859565E-01
                       7.5557709719E-01  2.4700780691E-01  2.4442290281E-01
                       7.0783201792E-03  7.0783201792E-03 -7.0783201792E-03
             xred6     2.5043673231E-01  2.5043673231E-01  2.4956326769E-01
                       7.5043673231E-01  7.5043673231E-01  7.4956326769E-01
                       2.4672615027E-01  2.4672615027E-01  7.5327384973E-01
                       7.4570157428E-01  7.4570157428E-01  2.5429842572E-01
                       2.4709914746E-01  7.5545339599E-01  7.5290085254E-01
                       7.3779326220E-01  2.5924942828E-01  7.4075057172E-01
                       2.5924942828E-01  7.3779326220E-01  2.6220673780E-01
                       7.5545339599E-01  2.4709914746E-01  2.4454660401E-01
                       7.1035769310E-03  7.1035769310E-03 -7.1035769310E-03
             xred7     2.5043454658E-01  2.5043454658E-01  2.4956545342E-01
                       7.5043454658E-01  7.5043454658E-01  7.4956545342E-01
                       2.4681307912E-01  2.4681307912E-01  7.5318692088E-01
                       7.4563036413E-01  7.4563036413E-01  2.5436963587E-01
                       2.4722262403E-01  7.5532307042E-01  7.5277737597E-01
                       7.3773776757E-01  2.5930390462E-01  7.4069609538E-01
                       2.5930390462E-01  7.3773776757E-01  2.6226223243E-01
                       7.5532307042E-01  2.4722262403E-01  2.4467692958E-01
                       7.1000969590E-03  7.1000969590E-03 -7.1000969590E-03
             xred8     2.5042157902E-01  2.5042157902E-01  2.4957842098E-01
                       7.5042157902E-01  7.5042157902E-01  7.4957842098E-01
                       2.4694241059E-01  2.4694241059E-01  7.5305758941E-01
                       7.4557801754E-01  7.4557801754E-01  2.5442198246E-01
                       2.4729912118E-01  7.5520123736E-01  7.5270087882E-01
                       7.3765083573E-01  2.5934607158E-01  7.4065392842E-01
                       2.5934607158E-01  7.3765083573E-01  2.6234916427E-01
                       7.5520123736E-01  2.4729912118E-01  2.4479876264E-01
                       7.1391479783E-03  7.1391479783E-03 -7.1391479783E-03
             xred9     2.5040867437E-01  2.5040867437E-01  2.4959132563E-01
                       7.5040867437E-01  7.5040867437E-01  7.4959132563E-01
                       2.4705649246E-01  2.4705649246E-01  7.5294350754E-01
                       7.4551554397E-01  7.4551554397E-01  2.5448445603E-01
                       2.4738332960E-01  7.5509306158E-01  7.5261667040E-01
                       7.3757171650E-01  2.5940362152E-01  7.4059637848E-01
                       2.5940362152E-01  7.3757171650E-01  2.6242828350E-01
                       7.5509306158E-01  2.4738332960E-01  2.4490693842E-01
                       7.1588856468E-03  7.1588856468E-03 -7.1588856468E-03
             xred10    2.5039828301E-01  2.5039828301E-01  2.4960171699E-01
                       7.5039828301E-01  7.5039828301E-01  7.4960171699E-01
                       2.4716289218E-01  2.4716289218E-01  7.5283710782E-01
                       7.4545893042E-01  7.4545893042E-01  2.5454106958E-01
                       2.4746941652E-01  7.5498367495E-01  7.5253058348E-01
                       7.3749614326E-01  2.5945592448E-01  7.4054407552E-01
                       2.5945592448E-01  7.3749614326E-01  2.6250385674E-01
                       7.5498367495E-01  2.4746941652E-01  2.4501632505E-01
                       7.1764521832E-03  7.1764521832E-03 -7.1764521832E-03

         
getxred1 0
getxred -1

diemac 12.0
ecut 16
pawecutdg 40
ixc -101130
kptopt 1
ngkpt 4 4 4
prtden 1
iscf 17
nstep 2500
prtwf 0
nshiftk 4
shiftk  0.5 0.5 0.5
        0.5 0.0 0.0
        0.0 0.5 0.0
        0.0 0.0 0.5
nband 42

toldff 1.0d-8
tolmxf 1.0d-5
ionmov 2
optcell 3
ecutsm 0.5
dilatmx 1.15
