ndtset 10
            acell1     1.5348379543E+01  1.5582495348E+01  1.5582495348E+01
            acell2     1.5207409895E+01  1.5420917475E+01  1.5420917475E+01
            acell3     1.5055028604E+01  1.5258881586E+01  1.5258881586E+01
            acell4     1.4912285534E+01  1.5098746328E+01  1.5098746328E+01
            acell5     1.4764030083E+01  1.4941186775E+01  1.4941186775E+01
            acell6     1.4615534725E+01  1.4781404109E+01  1.4781404109E+01
            acell7     1.4463435781E+01  1.4624223203E+01  1.4624223203E+01
            acell8     1.4313548072E+01  1.4469077952E+01  1.4469077952E+01
            acell9     1.4164347098E+01  1.4312353837E+01  1.4312353837E+01
            acell10    1.4009043170E+01  1.4158985170E+01  1.4158985170E+01

            rprim1     0.0000000000E+00  7.0710678119E-01  7.0710678119E-01
                       7.1096411835E-01 -6.7132326487E-03  7.0319624211E-01
                       7.1096411835E-01  7.0319624211E-01 -6.7132326487E-03
            rprim2     0.0000000000E+00  7.0710678119E-01  7.0710678119E-01
                       7.1041959479E-01 -6.4323188729E-03  7.0374897841E-01
                       7.1041959479E-01  7.0374897841E-01 -6.4323188729E-03
            rprim3     0.0000000000E+00  7.0710678119E-01  7.0710678119E-01
                       7.0977720220E-01 -6.7339520387E-03  7.0439404961E-01
                       7.0977720220E-01  7.0439404961E-01 -6.7339520387E-03
            rprim4     0.0000000000E+00  7.0710678119E-01  7.0710678119E-01
                       7.0940191518E-01 -6.4006878513E-03  7.0477510876E-01
                       7.0940191518E-01  7.0477510876E-01 -6.4006878513E-03
            rprim5     0.0000000000E+00  7.0710678119E-01  7.0710678119E-01
                       7.0937394963E-01 -6.0834052924E-03  7.0480606678E-01
                       7.0937394963E-01  7.0480606678E-01 -6.0834052924E-03
            rprim6     0.0000000000E+00  7.0710678119E-01  7.0710678119E-01
                       7.0902490968E-01 -5.9860390163E-03  7.0515802824E-01
                       7.0902490968E-01  7.0515802824E-01 -5.9860390163E-03
            rprim7     0.0000000000E+00  7.0710678119E-01  7.0710678119E-01
                       7.0904033952E-01 -5.8115451726E-03  7.0514397315E-01
                       7.0904033952E-01  7.0514397315E-01 -5.8115451726E-03
            rprim8     0.0000000000E+00  7.0710678119E-01  7.0710678119E-01
                       7.0935770100E-01 -5.3225722066E-03  7.0482857651E-01
                       7.0935770100E-01  7.0482857651E-01 -5.3225722066E-03
            rprim9     0.0000000000E+00  7.0710678119E-01  7.0710678119E-01
                       7.0944792076E-01 -4.9460513263E-03  7.0474050848E-01
                       7.0944792076E-01  7.0474050848E-01 -4.9460513263E-03
            rprim10    0.0000000000E+00  7.0710678119E-01  7.0710678119E-01
                       7.1002944104E-01 -4.5387605833E-03  7.0415736346E-01
                       7.1002944104E-01  7.0415736346E-01 -4.5387605833E-03
natom    9  
ntypat   4  

            typat    1 1 2 4 2 4 2 2 3
        
znucl    55 53 40 17
             xred1     2.4729842846E-01  2.4932965335E-01  2.4932965335E-01
                       7.4595773517E-01  7.5067034665E-01  7.5067034665E-01
                       2.4070723326E-01  2.4411073209E-01  7.5588926791E-01
                       7.7424838841E-01  7.8746056430E-01  2.1253943570E-01
                       2.4352354237E-01  7.5318122690E-01  7.5318122690E-01
                       7.7424838841E-01  2.1253943570E-01  7.8746056430E-01
                       2.4070723326E-01  7.5588926791E-01  2.4411073209E-01
                       7.4988599617E-01  2.4681877310E-01  2.4681877310E-01
                      -1.6576945497E-02 -7.0580950490E-17 -7.0606079737E-17
             xred2     2.4710382178E-01  2.4933106231E-01  2.4933106231E-01
                       7.4576594641E-01  7.5066893769E-01  7.5066893769E-01
                       2.4250551208E-01  2.4576344800E-01  7.5423655200E-01
                       7.7207707497E-01  7.8511378576E-01  2.1488621424E-01
                       2.4651458664E-01  7.5094398863E-01  7.5094398863E-01
                       7.7207707497E-01  2.1488621424E-01  7.8511378576E-01
                       2.4250551208E-01  7.5423655200E-01  2.4576344800E-01
                       7.4840256389E-01  2.4905601137E-01  2.4905601137E-01
                      -1.6952092780E-02 -1.8534784301E-17 -1.9470505153E-17
             xred3     2.4650194165E-01  2.5011018989E-01  2.5011018989E-01
                       7.4672232142E-01  7.4988981011E-01  7.4988981011E-01
                       2.4436297914E-01  2.4708238655E-01  7.5291761345E-01
                       7.6935759775E-01  7.8306904064E-01  2.1693095936E-01
                       2.4974987991E-01  7.4869066623E-01  7.4869066623E-01
                       7.6935759775E-01  2.1693095936E-01  7.8306904064E-01
                       2.4436297914E-01  7.5291761345E-01  2.4708238655E-01
                       7.4713121238E-01  2.5130933377E-01  2.5130933377E-01
                      -1.7546509140E-02  1.1306225727E-17  1.2623888221E-17
             xred4     2.4656647038E-01  2.5019953965E-01  2.5019953965E-01
                       7.4696554968E-01  7.4980046035E-01  7.4980046035E-01
                       2.4601498988E-01  2.4851678429E-01  7.5148321571E-01
                       7.6696850777E-01  7.8039436634E-01  2.1960563366E-01
                       2.5278181915E-01  7.4659008910E-01  7.4659008910E-01
                       7.6696850777E-01  2.1960563366E-01  7.8039436634E-01
                       2.4601498988E-01  7.5148321571E-01  2.4851678429E-01
                       7.4596199734E-01  2.5340991090E-01  2.5340991090E-01
                      -1.8242831806E-02  2.5056014754E-19 -2.5056014754E-19
             xred5     2.4569436170E-01  2.5091932495E-01  2.5091932495E-01
                       7.4753301160E-01  7.4908067505E-01  7.4908067505E-01
                       2.4798087995E-01  2.4969987488E-01  7.5030012512E-01
                       7.6479426746E-01  7.7737236621E-01  2.2262763379E-01
                       2.5539839840E-01  7.4469517761E-01  7.4469517761E-01
                       7.6479426746E-01  2.2262763379E-01  7.7737236621E-01
                       2.4798087995E-01  7.5030012512E-01  2.4969987488E-01
                       7.4478875361E-01  2.5530482239E-01  2.5530482239E-01
                      -1.8964820096E-02  6.0729410350E-19 -6.0729410350E-19
             xred6     2.4593843548E-01  2.5108929023E-01  2.5108929023E-01
                       7.4811701593E-01  7.4891070977E-01  7.4891070977E-01
                       2.4956690317E-01  2.5085964666E-01  7.4914035334E-01
                       7.6213190746E-01  7.7475256638E-01  2.2524743362E-01
                       2.5847282343E-01  7.4273955761E-01  7.4273955761E-01
                       7.6213190746E-01  2.2524743362E-01  7.7475256638E-01
                       2.4956690317E-01  7.4914035334E-01  2.5085964666E-01
                       7.4395193866E-01  2.5726044239E-01  2.5726044239E-01
                      -1.9877834738E-02 -1.0500700779E-19  1.0500700779E-19
             xred7     2.4600694587E-01  2.5139612517E-01  2.5139612517E-01
                       7.4879919621E-01  7.4860387483E-01  7.4860387483E-01
                       2.5127118002E-01  2.5189819780E-01  7.4810180220E-01
                       7.5955283430E-01  7.7184366050E-01  2.2815633950E-01
                       2.6120186428E-01  7.4100687052E-01  7.4100687052E-01
                       7.5955283430E-01  2.2815633950E-01  7.7184366050E-01
                       2.5127118002E-01  7.4810180220E-01  2.5189819780E-01
                       7.4321560532E-01  2.5899312948E-01  2.5899312948E-01
                      -2.0871640294E-02  6.3086857743E-20 -6.3086857743E-20
             xred8     2.4586666542E-01  2.5179758607E-01  2.5179758607E-01
                       7.4946183756E-01  7.4820241393E-01  7.4820241393E-01
                       2.5297691499E-01  2.5278293182E-01  7.4721706818E-01
                       7.5737230795E-01  7.6826036936E-01  2.3173963064E-01
                       2.6353292278E-01  7.3949069933E-01  7.3949069933E-01
                       7.5737230795E-01  2.3173963064E-01  7.6826036936E-01
                       2.5297691499E-01  7.4721706818E-01  2.5278293182E-01
                       7.4251432145E-01  2.6050930067E-01  2.6050930067E-01
                      -2.2074193060E-02 -8.1340525334E-19  8.1340525334E-19
             xred9     2.4624781161E-01  2.5190699832E-01  2.5190699832E-01
                       7.5006180825E-01  7.4809300168E-01  7.4809300168E-01
                       2.5444764999E-01  2.5361839707E-01  7.4638160293E-01
                       7.5502385744E-01  7.6499368455E-01  2.3500631545E-01
                       2.6609536590E-01  7.3794974080E-01  7.3794974080E-01
                       7.5502385744E-01  2.3500631545E-01  7.6499368455E-01
                       2.5444764999E-01  7.4638160293E-01  2.5361839707E-01
                       7.4199484751E-01  2.6205025920E-01  2.6205025920E-01
                      -2.3342848119E-02  1.0924939474E-18  2.7735910395E-18
             xred10    2.4662786905E-01  2.5212909820E-01  2.5212909820E-01
                       7.5088606545E-01  7.4787090180E-01  7.4787090180E-01
                       2.5604784958E-01  2.5427760239E-01  7.4572239761E-01
                       7.5273070699E-01  7.6126169347E-01  2.3873830653E-01
                       2.6816361444E-01  7.3674983151E-01  7.3674983151E-01
                       7.5273070699E-01  2.3873830653E-01  7.6126169347E-01
                       2.5604784958E-01  7.4572239761E-01  2.5427760239E-01
                       7.4166327746E-01  2.6325016849E-01  2.6325016849E-01
                      -2.4897939524E-02  4.1889495699E-17  4.3246407807E-17
         
getxred1 0
getxred -1

diemac 12.0
ecut 16
pawecutdg 40
ixc -101130
kptopt 1
ngkpt 4 4 4
prtden 1
iscf 17
nstep 2500
prtwf 0
nshiftk 4
shiftk  0.5 0.5 0.5
        0.5 0.0 0.0
        0.0 0.5 0.0
        0.0 0.0 0.5
nband 42

toldff 1.0d-8
tolmxf 1.0d-5
ionmov 2
optcell 3
ecutsm 0.5
dilatmx 1.15
