ndtset 10
acell1 14.27228665929 14.27228665929 14.27228665929
acell2 14.12812214758 14.12812214758 14.12812214758
acell3 13.98395763587 13.98395763587 13.98395763587
acell4 13.83979312416 13.83979312416 13.83979312416
acell5 13.69562861245 13.69562861245 13.69562861245
acell6 13.55146410074 13.55146410074 13.55146410074
acell7 13.40729958903 13.40729958903 13.40729958903
acell8 13.26313507732 13.26313507732 13.26313507732
acell9 13.11897056561 13.11897056561 13.11897056561
acell10 12.9748060539 12.9748060539 12.9748060539

            rprim      0.0000000000E+00  7.0710678119E-01  7.0710678119E-01
                       7.0710678119E-01  0.0000000000E+00  7.0710678119E-01
                       7.0710678119E-01  7.0710678119E-01  0.0000000000E+00
natom    9  
ntypat   3
  
typat  1 1 2 2 2 2 2 2 3 

znucl    55 17 40
             xred      2.5000000000E-01  2.5000000000E-01  2.5000000000E-01
                       7.5000000000E-01  7.5000000000E-01  7.5000000000E-01
                       2.3046713838E-01  2.3046713838E-01  7.6953286162E-01
                       7.6953286162E-01  7.6953286162E-01  2.3046713838E-01
                       2.3046713838E-01  7.6953286162E-01  7.6953286162E-01
                       7.6953286162E-01  2.3046713838E-01  7.6953286162E-01
                       2.3046713838E-01  7.6953286162E-01  2.3046713838E-01
                       7.6953286162E-01  2.3046713838E-01  2.3046713838E-01
                       6.5355458417E-19 -7.5390609560E-20 -1.1790464310E-19
         
getxred1 0
getxred -1

diemac 12.0
ecut 16
pawecutdg 40
ixc -101130
kptopt 1
ngkpt 4 4 4
prtden 1
iscf 17
nstep 2500
prtwf 0
nshiftk 4
shiftk  0.5 0.5 0.5
        0.5 0.0 0.0
        0.0 0.5 0.0
        0.0 0.0 0.5
nband 42

toldff 1.0d-8
tolmxf 1.0d-5
ionmov 2
optcell 3
ecutsm 0.5
dilatmx 1.15
