ndtset 10
            acell1     1.5266727088E+01  1.5449777188E+01  1.5148408677E+01
            acell2     1.5127359482E+01  1.5293767345E+01  1.4981302708E+01
            acell3     1.4994767480E+01  1.5124452400E+01  1.4819568386E+01
            acell4     1.4850533646E+01  1.4971739989E+01  1.4654450256E+01
            acell5     1.4703868271E+01  1.4814055998E+01  1.4495931788E+01
            acell6     1.4556848852E+01  1.4660113257E+01  1.4334565525E+01
            acell7     1.4405315718E+01  1.4508295419E+01  1.4175515829E+01
            acell8     1.4246690753E+01  1.4359518451E+01  1.4020310793E+01
            acell9     1.4084422820E+01  1.4209983931E+01  1.3869085580E+01
            acell10    1.3922526097E+01  1.4061524510E+01  1.3716666042E+01

            rprim1     0.0000000000E+00  6.9297758466E-01  7.2095913002E-01
                       7.0175622550E-01  0.0000000000E+00  7.1241715306E-01
                       7.1571724503E-01  6.9839016686E-01  0.0000000000E+00
            rprim2     0.0000000000E+00  6.9233699096E-01  7.2157431423E-01
                       7.0042803305E-01  0.0000000000E+00  7.1372303488E-01
                       7.1503684218E-01  6.9908677167E-01  0.0000000000E+00
            rprim3     0.0000000000E+00  6.9260245780E-01  7.2131950996E-01
                       6.9898682945E-01  0.0000000000E+00  7.1513454137E-01
                       7.1336713429E-01  7.0079050487E-01  0.0000000000E+00
            rprim4     0.0000000000E+00  6.9187305102E-01  7.2201916960E-01
                       6.9792183805E-01  0.0000000000E+00  7.1617393695E-01
                       7.1303284056E-01  7.0113063568E-01  0.0000000000E+00
            rprim5     0.0000000000E+00  6.9169104714E-01  7.2219353037E-01
                       6.9725639674E-01  0.0000000000E+00  7.1682181691E-01
                       7.1255821692E-01  7.0161298983E-01  0.0000000000E+00
            rprim6     0.0000000000E+00  6.9117836879E-01  7.2268420663E-01
                       6.9646198500E-01  0.0000000000E+00  7.1759368967E-01
                       7.1227911040E-01  7.0189633770E-01  0.0000000000E+00
            rprim7     0.0000000000E+00  6.9065224384E-01  7.2318702842E-01
                       6.9598754306E-01  0.0000000000E+00  7.1805385586E-01
                       7.1232631000E-01  7.0184843669E-01  0.0000000000E+00
            rprim8     0.0000000000E+00  6.9013427015E-01  7.2368134505E-01
                       6.9604812501E-01  0.0000000000E+00  7.1799513067E-01
                       7.1288832621E-01  7.0127757297E-01  0.0000000000E+00
            rprim9     0.0000000000E+00  6.8983564125E-01  7.2396601305E-01
                       6.9648746091E-01  0.0000000000E+00  7.1756896309E-01
                       7.1360693329E-01  7.0054631879E-01  0.0000000000E+00
            rprim10    0.0000000000E+00  6.8941254494E-01  7.2436892732E-01
                       6.9685861369E-01  0.0000000000E+00  7.1720852792E-01
                       7.1437873074E-01  6.9975926508E-01  0.0000000000E+00
natom    9  
ntypat   4  
typat 1 1 4 4 2 4 2 2 3
znucl    55 53 72 17

             xred1     2.5089156949E-01  2.5089156949E-01  2.4910843051E-01
                       7.5089156949E-01  7.5089156949E-01  7.4910843051E-01
                       7.8758523605E-01  2.2316149310E-01  7.7683850690E-01
                       2.1780743085E-01  2.1780743085E-01  7.8219256915E-01
                       7.5914526154E-01  7.5914526154E-01  2.4085473846E-01
                       2.2316149310E-01  7.8758523605E-01  2.1241476395E-01
                       2.5237438237E-01  7.4948803785E-01  7.4762561763E-01
                       7.4948803785E-01  2.5237438237E-01  2.5051196215E-01
                       8.6550192592E-03  8.6550192592E-03 -8.6550192592E-03
             xred2     2.5090571522E-01  2.5090571522E-01  2.4909428478E-01
                       7.5090571522E-01  7.5090571522E-01  7.4909428478E-01
                       7.8552428719E-01  2.2549779450E-01  7.7450220550E-01
                       2.1972149063E-01  2.1972149063E-01  7.8027850937E-01
                       7.5774745780E-01  7.5774745780E-01  2.4225254220E-01
                       2.2549779450E-01  7.8552428719E-01  2.1447571281E-01
                       2.5438810374E-01  7.4651150532E-01  7.4561189626E-01
                       7.4651150532E-01  2.5438810374E-01  2.5348849468E-01
                       8.7979303691E-03  8.7979303691E-03 -8.7979303691E-03
             xred3     2.5033005012E-01  2.5033005012E-01  2.4966994988E-01
                       7.5033005012E-01  7.5033005012E-01  7.4966994988E-01
                       7.8441614737E-01  2.2802176209E-01  7.7197823791E-01
                       2.2207963410E-01  2.2207963410E-01  7.7792036590E-01
                       7.5644292212E-01  7.5644292212E-01  2.4355707788E-01
                       2.2802176209E-01  7.8441614737E-01  2.1558385263E-01
                       2.5626197850E-01  7.4294567657E-01  7.4373802150E-01
                       7.4294567657E-01  2.5626197850E-01  2.5705432343E-01
                       9.1717789904E-03  9.1717789904E-03 -9.1717789904E-03
             xred4     2.5038833151E-01  2.5038833151E-01  2.4961166849E-01
                       7.5038833151E-01  7.5038833151E-01  7.4961166849E-01
                       7.8218715696E-01  2.3042012138E-01  7.6957987862E-01
                       2.2407416072E-01  2.2407416072E-01  7.7592583928E-01
                       7.5510451255E-01  7.5510451255E-01  2.4489548745E-01
                       2.3042012138E-01  7.8218715696E-01  2.1781284304E-01
                       2.5806469710E-01  7.4007764705E-01  7.4193530290E-01
                       7.4007764705E-01  2.5806469710E-01  2.5992235295E-01
                       9.2950412145E-03  9.2950412145E-03 -9.2950412145E-03
             xred5     2.5028735649E-01  2.5028735649E-01  2.4971264351E-01
                       7.5028735649E-01  7.5028735649E-01  7.4971264351E-01
                       7.8013172615E-01  2.3270991632E-01  7.6729008368E-01
                       2.2641316489E-01  2.2641316489E-01  7.7358683511E-01
                       7.5370976865E-01  7.5370976865E-01  2.4629023135E-01
                       2.3270991632E-01  7.8013172615E-01  2.1986827385E-01
                       2.5967031301E-01  7.3723556831E-01  7.4032968699E-01
                       7.3723556831E-01  2.5967031301E-01  2.6276443169E-01
                       9.5548296965E-03  9.5548296965E-03 -9.5548296965E-03
             xred6     2.4990635548E-01  2.4990635548E-01  2.5009364452E-01
                       7.4990635548E-01  7.4990635548E-01  7.5009364452E-01
                       7.7821736590E-01  2.3539831206E-01  7.6460168794E-01
                       2.2871330320E-01  2.2871330320E-01  7.7128669680E-01
                       7.5253855407E-01  7.5253855407E-01  2.4746144593E-01
                       2.3539831206E-01  7.7821736590E-01  2.2178263410E-01
                       2.6108813205E-01  7.3434934059E-01  7.3891186795E-01
                       7.3434934059E-01  2.6108813205E-01  2.6565065941E-01
                       9.8822811616E-03  9.8822811616E-03 -9.8822811616E-03
             xred7     2.4971812738E-01  2.4971812738E-01  2.5028187262E-01
                       7.4971812738E-01  7.4971812738E-01  7.5028187262E-01
                       7.7588343446E-01  2.3777129125E-01  7.6222870875E-01
                       2.3105768860E-01  2.3105768860E-01  7.6894231140E-01
                       7.5132893609E-01  7.5132893609E-01  2.4867106391E-01
                       2.3777129125E-01  7.7588343446E-01  2.2411656554E-01
                       2.6247200992E-01  7.3184439714E-01  7.3752799008E-01
                       7.3184439714E-01  2.6247200992E-01  2.6815560286E-01
                       1.0205987764E-02  1.0205987764E-02 -1.0205987764E-02
             xred8     2.4961646272E-01  2.4961646272E-01  2.5038353728E-01
                       7.4961646272E-01  7.4961646272E-01  7.5038353728E-01
                       7.7326990438E-01  2.4006030537E-01  7.5993969463E-01
                       2.3351633742E-01  2.3351633742E-01  7.6648366258E-01
                       7.5005945699E-01  7.5005945699E-01  2.4994054301E-01
                       2.4006030537E-01  7.7326990438E-01  2.2673009562E-01
                       2.6360971500E-01  7.2971865877E-01  7.3639028500E-01
                       7.2971865877E-01  2.6360971500E-01  2.7028134123E-01
                       1.0532696611E-02  1.0532696611E-02 -1.0532696611E-02
             xred9     2.4942600956E-01  2.4942600956E-01  2.5057399044E-01
                       7.4942600956E-01  7.4942600956E-01  7.5057399044E-01
                       7.7058706518E-01  2.4221839045E-01  7.5778160955E-01
                       2.3618797491E-01  2.3618797491E-01  7.6381202509E-01
                       7.4877875704E-01  7.4877875704E-01  2.5122124296E-01
                       2.4221839045E-01  7.7058706518E-01  2.2941293482E-01
                       2.6456893105E-01  7.2785453410E-01  7.3543106895E-01
                       7.2785453410E-01  2.6456893105E-01  2.7214546590E-01
                       1.0952328139E-02  1.0952328139E-02 -1.0952328139E-02
             xred10    2.4914200377E-01  2.4914200377E-01  2.5085799623E-01
                       7.4914200377E-01  7.4914200377E-01  7.5085799623E-01
                       7.6797221393E-01  2.4444872311E-01  7.5555127689E-01
                       2.3879607030E-01  2.3879607030E-01  7.6120392970E-01
                       7.4762642752E-01  7.4762642752E-01  2.5237357248E-01
                       2.4444872311E-01  7.6797221393E-01  2.3202778607E-01
                       2.6540833218E-01  7.2603279084E-01  7.3459166782E-01
                       7.2603279084E-01  2.6540833218E-01  2.7396720916E-01
                       1.1431434552E-02  1.1431434552E-02 -1.1431434552E-02
         
getxred1 0
getxred -1

diemac 12.0
ecut 16
pawecutdg 40
ixc -101130
kptopt 1
ngkpt 4 4 4
prtden 1
iscf 17
nstep 2500
prtwf 0
nshiftk 4
shiftk  0.5 0.5 0.5
        0.5 0.0 0.0
        0.0 0.5 0.0
        0.0 0.0 0.5
nband 42

toldff 1.0d-8
tolmxf 1.0d-5
ionmov 2
optcell 3
ecutsm 0.5
dilatmx 1.15
