ndtset 10
            acell1     1.4844908963E+01  1.4844908963E+01  1.4844908963E+01
            acell2     1.4694960387E+01  1.4694960387E+01  1.4694960387E+01
            acell3     1.4545011812E+01  1.4545011812E+01  1.4545011812E+01
            acell4     1.4395063236E+01  1.4395063236E+01  1.4395063236E+01
            acell5     1.4245114661E+01  1.4245114661E+01  1.4245114661E+01
            acell6     1.4095166086E+01  1.4095166086E+01  1.4095166086E+01
            acell7     1.3945217510E+01  1.3945217510E+01  1.3945217510E+01
            acell8     1.3795268935E+01  1.3795268935E+01  1.3795268935E+01
            acell9     1.3645320360E+01  1.3645320360E+01  1.3645320360E+01
            acell10    1.3495371784E+01  1.3495371784E+01  1.3495371784E+01


            rprim      0.0000000000E+00  7.0710678119E-01  7.0710678119E-01
                       7.0710678119E-01  0.0000000000E+00  7.0710678119E-01
                       7.0710678119E-01  7.0710678119E-01  0.0000000000E+00
natom    9  
ntypat   3
  
typat  1 1 2 2 2 2 2 2 3 
     
znucl    55 35 72
             xred1     2.5000000000E-01  2.5000000000E-01  2.5000000000E-01
                       7.5000000000E-01  7.5000000000E-01  7.5000000000E-01
                       7.6358907285E-01  2.3641092715E-01  7.6358907285E-01
                       2.3641092715E-01  2.3641092715E-01  7.6358907285E-01
                       7.6358907285E-01  7.6358907285E-01  2.3641092715E-01
                       2.3641092715E-01  7.6358907285E-01  2.3641092715E-01
                       2.3641092715E-01  7.6358907285E-01  7.6358907285E-01
                       7.6358907285E-01  2.3641092715E-01  2.3641092715E-01
                      -4.4827673062E-21  3.2155274497E-19 -6.9765645178E-20
             xred2     2.5000000000E-01  2.5000000000E-01  2.5000000000E-01
                       7.5000000000E-01  7.5000000000E-01  7.5000000000E-01
                       7.6144069083E-01  2.3855930917E-01  7.6144069083E-01
                       2.3855930917E-01  2.3855930917E-01  7.6144069083E-01
                       7.6144069083E-01  7.6144069083E-01  2.3855930917E-01
                       2.3855930917E-01  7.6144069083E-01  2.3855930917E-01
                       2.3855930917E-01  7.6144069083E-01  7.6144069083E-01
                       7.6144069083E-01  2.3855930917E-01  2.3855930917E-01
                      -2.8219715687E-19  5.7459385347E-19 -2.7963797506E-20
             xred3     2.5000000000E-01  2.5000000000E-01  2.5000000000E-01
                       7.5000000000E-01  7.5000000000E-01  7.5000000000E-01
                       7.5931077506E-01  2.4068922494E-01  7.5931077506E-01
                       2.4068922494E-01  2.4068922494E-01  7.5931077506E-01
                       7.5931077506E-01  7.5931077506E-01  2.4068922494E-01
                       2.4068922494E-01  7.5931077506E-01  2.4068922494E-01
                       2.4068922494E-01  7.5931077506E-01  7.5931077506E-01
                       7.5931077506E-01  2.4068922494E-01  2.4068922494E-01
                      -4.5859880751E-19  7.6043120442E-19 -1.3224815447E-19
             xred4     2.5000000000E-01  2.5000000000E-01  2.5000000000E-01
                       7.5000000000E-01  7.5000000000E-01  7.5000000000E-01
                       7.5716602013E-01  2.4283397987E-01  7.5716602013E-01
                       2.4283397987E-01  2.4283397987E-01  7.5716602013E-01
                       7.5716602013E-01  7.5716602013E-01  2.4283397987E-01
                       2.4283397987E-01  7.5716602013E-01  2.4283397987E-01
                       2.4283397987E-01  7.5716602013E-01  7.5716602013E-01
                       7.5716602013E-01  2.4283397987E-01  2.4283397987E-01
                      -3.4769237090E-20  3.5565078495E-19 -7.1671430278E-20
             xred5     2.5000000000E-01  2.5000000000E-01  2.5000000000E-01
                       7.5000000000E-01  7.5000000000E-01  7.5000000000E-01
                       7.5506341785E-01  2.4493658215E-01  7.5506341785E-01
                       2.4493658215E-01  2.4493658215E-01  7.5506341785E-01
                       7.5506341785E-01  7.5506341785E-01  2.4493658215E-01
                       2.4493658215E-01  7.5506341785E-01  2.4493658215E-01
                       2.4493658215E-01  7.5506341785E-01  7.5506341785E-01
                       7.5506341785E-01  2.4493658215E-01  2.4493658215E-01
                       1.4749210794E-19  1.7271102817E-19  8.2219137136E-20
             xred6     2.5000000000E-01  2.5000000000E-01  2.5000000000E-01
                       7.5000000000E-01  7.5000000000E-01  7.5000000000E-01
                       7.5299321195E-01  2.4700678805E-01  7.5299321195E-01
                       2.4700678805E-01  2.4700678805E-01  7.5299321195E-01
                       7.5299321195E-01  7.5299321195E-01  2.4700678805E-01
                       2.4700678805E-01  7.5299321195E-01  2.4700678805E-01
                       2.4700678805E-01  7.5299321195E-01  7.5299321195E-01
                       7.5299321195E-01  2.4700678805E-01  2.4700678805E-01
                      -4.2151291083E-20  3.6284166464E-19 -7.6525162933E-20
             xred7     2.5000000000E-01  2.5000000000E-01  2.5000000000E-01
                       7.5000000000E-01  7.5000000000E-01  7.5000000000E-01
                       7.5097150154E-01  2.4902849846E-01  7.5097150154E-01
                       2.4902849846E-01  2.4902849846E-01  7.5097150154E-01
                       7.5097150154E-01  7.5097150154E-01  2.4902849846E-01
                       2.4902849846E-01  7.5097150154E-01  2.4902849846E-01
                       2.4902849846E-01  7.5097150154E-01  7.5097150154E-01
                       7.5097150154E-01  2.4902849846E-01  2.4902849846E-01
                      -5.0337548342E-20  4.4179164479E-19 -1.1412794975E-19
             xred8     2.5000000000E-01  2.5000000000E-01  2.5000000000E-01
                       7.5000000000E-01  7.5000000000E-01  7.5000000000E-01
                       7.4899299803E-01  2.5100700197E-01  7.4899299803E-01
                       2.5100700197E-01  2.5100700197E-01  7.4899299803E-01
                       7.4899299803E-01  7.4899299803E-01  2.5100700197E-01
                       2.5100700197E-01  7.4899299803E-01  2.5100700197E-01
                       2.5100700197E-01  7.4899299803E-01  7.4899299803E-01
                       7.4899299803E-01  2.5100700197E-01  2.5100700197E-01
                       4.3432179672E-20  3.2142316134E-19 -1.5651935233E-19
             xred9     2.5000000000E-01  2.5000000000E-01  2.5000000000E-01
                       7.5000000000E-01  7.5000000000E-01  7.5000000000E-01
                       7.4708744452E-01  2.5291255548E-01  7.4708744452E-01
                       2.5291255548E-01  2.5291255548E-01  7.4708744452E-01
                       7.4708744452E-01  7.4708744452E-01  2.5291255548E-01
                       2.5291255548E-01  7.4708744452E-01  2.5291255548E-01
                       2.5291255548E-01  7.4708744452E-01  7.4708744452E-01
                       7.4708744452E-01  2.5291255548E-01  2.5291255548E-01
                       2.3790739629E-21  2.5939659692E-19 -3.8976698090E-20
             xred10    2.5000000000E-01  2.5000000000E-01  2.5000000000E-01
                       7.5000000000E-01  7.5000000000E-01  7.5000000000E-01
                       7.4525877014E-01  2.5474122986E-01  7.4525877014E-01
                       2.5474122986E-01  2.5474122986E-01  7.4525877014E-01
                       7.4525877014E-01  7.4525877014E-01  2.5474122986E-01
                       2.5474122986E-01  7.4525877014E-01  2.5474122986E-01
                       2.5474122986E-01  7.4525877014E-01  7.4525877014E-01
                       7.4525877014E-01  2.5474122986E-01  2.5474122986E-01
                      -3.6605912468E-20  3.5877262083E-19 -7.2687467994E-20
         
diemac 12.0
ecut 16
pawecutdg 40
ixc -101130
kptopt 1
ngkpt 12 12 12
prtden 1
iscf 17
nstep 2500
prtwf 0
nshiftk 1
shiftk 0 0 0
nband 42
toldfe 1.0d-8
ecutsm 0.5
dilatmx 1.15
