ndtset 10
            acell1     1.4854096076E+01  1.5064252337E+01  1.4854096076E+01
            acell2     1.4839128794E+01  1.5049391079E+01  1.4839128794E+01
            acell3     1.4824117981E+01  1.5034626441E+01  1.4824117981E+01
            acell4     1.4808957113E+01  1.5020194939E+01  1.4808957113E+01
            acell5     1.4793450287E+01  1.5006532335E+01  1.4793450287E+01
            acell6     1.4777747762E+01  1.4993306676E+01  1.4777747762E+01
            acell7     1.4762460915E+01  1.4979157619E+01  1.4762460915E+01
            acell8     1.4747209083E+01  1.4964931196E+01  1.4747209083E+01
            acell9     1.4731976284E+01  1.4950662892E+01  1.4731976284E+01
            acell10    1.4716738496E+01  1.4936406227E+01  1.4716738496E+01

            rprim1     0.0000000000E+00  6.9695902478E-01  7.1711095221E-01
                       7.0710678119E-01  0.0000000000E+00  7.0710678119E-01
                       7.1711095221E-01  6.9695902478E-01  0.0000000000E+00
            rprim2     0.0000000000E+00  6.9694344384E-01  7.1712609497E-01
                       7.0710678119E-01  0.0000000000E+00  7.0710678119E-01
                       7.1712609497E-01  6.9694344384E-01  0.0000000000E+00
            rprim3     0.0000000000E+00  6.9692092129E-01  7.1714798296E-01
                       7.0710678119E-01  0.0000000000E+00  7.0710678119E-01
                       7.1714798296E-01  6.9692092129E-01  0.0000000000E+00
            rprim4     0.0000000000E+00  6.9687450314E-01  7.1719308897E-01
                       7.0710678119E-01  0.0000000000E+00  7.0710678119E-01
                       7.1719308897E-01  6.9687450314E-01  0.0000000000E+00
            rprim5     0.0000000000E+00  6.9677288626E-01  7.1729181298E-01
                       7.0710678119E-01  0.0000000000E+00  7.0710678119E-01
                       7.1729181298E-01  6.9677288626E-01  0.0000000000E+00
            rprim6     0.0000000000E+00  6.9663971367E-01  7.1742115200E-01
                       7.0710678119E-01  0.0000000000E+00  7.0710678119E-01
                       7.1742115200E-01  6.9663971367E-01  0.0000000000E+00
            rprim7     0.0000000000E+00  6.9657258328E-01  7.1748633173E-01
                       7.0710678119E-01  0.0000000000E+00  7.0710678119E-01
                       7.1748633173E-01  6.9657258328E-01  0.0000000000E+00
            rprim8     0.0000000000E+00  6.9651087798E-01  7.1754623325E-01
                       7.0710678119E-01  0.0000000000E+00  7.0710678119E-01
                       7.1754623325E-01  6.9651087798E-01  0.0000000000E+00
            rprim9     0.0000000000E+00  6.9645206073E-01  7.1760332156E-01
                       7.0710678119E-01  0.0000000000E+00  7.0710678119E-01
                       7.1760332156E-01  6.9645206073E-01  0.0000000000E+00
            rprim10    0.0000000000E+00  6.9639228502E-01  7.1766133054E-01
                       7.0710678119E-01  0.0000000000E+00  7.0710678119E-01
                       7.1766133054E-01  6.9639228502E-01  0.0000000000E+00

natom    9
ntypat   4 
typat 1 1 4 2 2 2 2 2 3   
znucl    55 53 72 17
             xred1     2.4865742730E-01  2.5134257270E-01  2.4865742730E-01
                       7.4865742730E-01  7.5134257270E-01  7.4865742730E-01
                       7.7067547658E-01  2.2932452342E-01  7.7067547658E-01
                       2.5095518142E-01  2.5220141661E-01  7.4779858339E-01
                       7.4779858339E-01  7.4904481858E-01  2.5095518142E-01
                       2.5028933299E-01  7.4971066701E-01  2.5028933299E-01
                       2.5095518142E-01  7.4904481858E-01  7.4779858339E-01
                       7.4779858339E-01  2.5220141661E-01  2.5095518142E-01
                      -8.7630147684E-03  8.7630147684E-03 -8.7630147684E-03
             xred2     2.4867130029E-01  2.5132869971E-01  2.4867130029E-01
                       7.4867130029E-01  7.5132869971E-01  7.4867130029E-01
                       7.7040968610E-01  2.2959031390E-01  7.7040968610E-01
                       2.5116022326E-01  2.5233014862E-01  7.4766985138E-01
                       7.4766985138E-01  7.4883977674E-01  2.5116022326E-01
                       2.5042629207E-01  7.4957370793E-01  2.5042629207E-01
                       2.5116022326E-01  7.4883977674E-01  7.4766985138E-01
                       7.4766985138E-01  2.5233014862E-01  2.5116022326E-01
                      -8.8145490373E-03  8.8145490373E-03 -8.8145490373E-03
             xred3     2.4867586843E-01  2.5132413157E-01  2.4867586843E-01
                       7.4867586843E-01  7.5132413157E-01  7.4867586843E-01
                       7.7013943719E-01  2.2986056281E-01  7.7013943719E-01
                       2.5136585408E-01  2.5245469711E-01  7.4754530289E-01
                       7.4754530289E-01  7.4863414592E-01  2.5136585408E-01
                       2.5056839229E-01  7.4943160771E-01  2.5056839229E-01
                       2.5136585408E-01  7.4863414592E-01  7.4754530289E-01
                       7.4754530289E-01  2.5245469711E-01  2.5136585408E-01
                      -8.8577012580E-03  8.8577012580E-03 -8.8577012580E-03
             xred4     2.4870120650E-01  2.5129879350E-01  2.4870120650E-01
                       7.4870120650E-01  7.5129879350E-01  7.4870120650E-01
                       7.6984509456E-01  2.3015490544E-01  7.6984509456E-01
                       2.5156734354E-01  2.5256855655E-01  7.4743144345E-01
                       7.4743144345E-01  7.4843265646E-01  2.5156734354E-01
                       2.5070498045E-01  7.4929501955E-01  2.5070498045E-01
                       2.5156734354E-01  7.4843265646E-01  7.4743144345E-01
                       7.4743144345E-01  2.5256855655E-01  2.5156734354E-01
                      -8.9258829652E-03  8.9258829652E-03 -8.9258829652E-03
             xred5     2.4875750389E-01  2.5124249611E-01  2.4875750389E-01
                       7.4875750389E-01  7.5124249611E-01  7.4875750389E-01
                       7.6953159613E-01  2.3046840387E-01  7.6953159613E-01
                       2.5174668950E-01  2.5268962462E-01  7.4731037538E-01
                       7.4731037538E-01  7.4825331050E-01  2.5174668950E-01
                       2.5085489342E-01  7.4914510658E-01  2.5085489342E-01
                       2.5174668950E-01  7.4825331050E-01  7.4731037538E-01
                       7.4731037538E-01  2.5268962462E-01  2.5174668950E-01
                      -8.9914480820E-03  8.9914480820E-03 -8.9914480820E-03
             xred6     2.4879882638E-01  2.5120117362E-01  2.4879882638E-01
                       7.4879882638E-01  7.5120117362E-01  7.4879882638E-01
                       7.6918840983E-01  2.3081159017E-01  7.6918840983E-01
                       2.5193288837E-01  2.5278726068E-01  7.4721273932E-01
                       7.4721273932E-01  7.4806711163E-01  2.5193288837E-01
                       2.5101802804E-01  7.4898197196E-01  2.5101802804E-01
                       2.5193288837E-01  7.4806711163E-01  7.4721273932E-01
                       7.4721273932E-01  2.5278726068E-01  2.5193288837E-01
                      -9.0711669838E-03  9.0711669838E-03 -9.0711669838E-03
             xred7     2.4878837293E-01  2.5121162707E-01  2.4878837293E-01
                       7.4878837293E-01  7.5121162707E-01  7.4878837293E-01
                       7.6890934835E-01  2.3109065165E-01  7.6890934835E-01
                       2.5213145400E-01  2.5289866024E-01  7.4710133976E-01
                       7.4710133976E-01  7.4786854600E-01  2.5213145400E-01
                       2.5118010119E-01  7.4881989881E-01  2.5118010119E-01
                       2.5213145400E-01  7.4786854600E-01  7.4710133976E-01
                       7.4710133976E-01  2.5289866024E-01  2.5213145400E-01
                      -9.1076038986E-03  9.1076038986E-03 -9.1076038986E-03
             xred8     2.4881264003E-01  2.5118735997E-01  2.4881264003E-01
                       7.4881264003E-01  7.5118735997E-01  7.4881264003E-01
                       7.6861153887E-01  2.3138846113E-01  7.6861153887E-01
                       2.5232905085E-01  2.5300883674E-01  7.4699116326E-01
                       7.4699116326E-01  7.4767094915E-01  2.5232905085E-01
                       2.5132012939E-01  7.4867987061E-01  2.5132012939E-01
                       2.5232905085E-01  7.4767094915E-01  7.4699116326E-01
                       7.4699116326E-01  2.5300883674E-01  2.5232905085E-01
                      -9.1731975318E-03  9.1731975318E-03 -9.1731975318E-03
             xred9     2.4886162419E-01  2.5113837581E-01  2.4886162419E-01
                       7.4886162419E-01  7.5113837581E-01  7.4886162419E-01
                       7.6829745759E-01  2.3170254241E-01  7.6829745759E-01
                       2.5252373381E-01  2.5312186448E-01  7.4687813552E-01
                       7.4687813552E-01  7.4747626619E-01  2.5252373381E-01
                       2.5144949118E-01  7.4855050882E-01  2.5144949118E-01
                       2.5252373381E-01  7.4747626619E-01  7.4687813552E-01
                       7.4687813552E-01  2.5312186448E-01  2.5252373381E-01
                      -9.2497567814E-03  9.2497567814E-03 -9.2497567814E-03
             xred10    2.4887159802E-01  2.5112840198E-01  2.4887159802E-01
                       7.4887159802E-01  7.5112840198E-01  7.4887159802E-01
                       7.6800965991E-01  2.3199034009E-01  7.6800965991E-01
                       2.5272096711E-01  2.5323461207E-01  7.4676538793E-01
                       7.4676538793E-01  7.4727903289E-01  2.5272096711E-01
                       2.5159849398E-01  7.4840150602E-01  2.5159849398E-01
                       2.5272096711E-01  7.4727903289E-01  7.4676538793E-01
                       7.4676538793E-01  2.5323461207E-01  2.5272096711E-01
                      -9.2998809895E-03  9.2998809895E-03 -9.2998809895E-03
         
diemac 12.0
ecut 16
pawecutdg 40
ixc -101130
kptopt 1
ngkpt 12 12 12
prtden 1
iscf 17
nstep 2500
prtwf 0
nshiftk 1
shiftk 0 0 0
nband 42
toldfe 1.0d-8
ecutsm 0.5
dilatmx 1.15
