# 
# Partial phonon density of states for q along a band structure path
# 
# Energy in Ha      , DOS in states/Ha
# Gaussian method with smearing =     0.2278167626E-04Ha      , nq =      71
# 
# omega     PHDOS 
#
   0.00000000E+00   2.13307484E+05
   4.55633525E-06   2.37958687E+05
   9.11267051E-06   2.60696333E+05
   1.36690058E-05   2.81206440E+05
   1.82253410E-05   2.99385977E+05
   2.27816763E-05   3.15290849E+05
   2.73380115E-05   3.29085305E+05
   3.18943468E-05   3.41020879E+05
   3.64506820E-05   3.51462903E+05
   4.10070173E-05   3.60966000E+05
   4.55633525E-05   3.70381956E+05
   5.01196878E-05   3.80968902E+05
   5.46760230E-05   3.94463657E+05
   5.92323583E-05   4.13080716E+05
   6.37886935E-05   4.39411175E+05
   6.83450288E-05   4.76211063E+05
   7.29013640E-05   5.26088609E+05
   7.74576993E-05   5.91121428E+05
   8.20140345E-05   6.72454382E+05
   8.65703698E-05   7.69943382E+05
   9.11267051E-05   8.81915385E+05
   9.56830403E-05   1.00510705E+06
   1.00239376E-04   1.13482270E+06
   1.04795711E-04   1.26531936E+06
   1.09352046E-04   1.39038779E+06
   1.13908381E-04   1.50406309E+06
   1.18464717E-04   1.60137143E+06
   1.23021052E-04   1.67900782E+06
   1.27577387E-04   1.73584200E+06
   1.32133722E-04   1.77316673E+06
   1.36690058E-04   1.79463140E+06
   1.41246393E-04   1.80584401E+06
   1.45802728E-04   1.81367340E+06
   1.50359063E-04   1.82533865E+06
   1.54915399E-04   1.84742455E+06
   1.59471734E-04   1.88499976E+06
   1.64028069E-04   1.94102257E+06
   1.68584404E-04   2.01618686E+06
   1.73140740E-04   2.10928341E+06
   1.77697075E-04   2.21803715E+06
   1.82253410E-04   2.34025085E+06
   1.86809745E-04   2.47497105E+06
   1.91366081E-04   2.62333138E+06
   1.95922416E-04   2.78875288E+06
   2.00478751E-04   2.97630682E+06
   2.05035086E-04   3.19126140E+06
   2.09591422E-04   3.43709166E+06
   2.14147757E-04   3.71345821E+06
   2.18704092E-04   4.01476904E+06
   2.23260427E-04   4.32986575E+06
   2.27816763E-04   4.64311171E+06
   2.32373098E-04   4.93676389E+06
   2.36929433E-04   5.19410400E+06
   2.41485768E-04   5.40253046E+06
   2.46042104E-04   5.55577851E+06
   2.50598439E-04   5.65466814E+06
   2.55154774E-04   5.70620774E+06
   2.59711109E-04   5.72135940E+06
   2.64267445E-04   5.71213938E+06
   2.68823780E-04   5.68886856E+06
   2.73380115E-04   5.65827378E+06
   2.77936450E-04   5.62283404E+06
   2.82492786E-04   5.58138241E+06
   2.87049121E-04   5.53063880E+06
   2.91605456E-04   5.46714804E+06
   2.96161791E-04   5.38905972E+06
   3.00718127E-04   5.29729080E+06
   3.05274462E-04   5.19580771E+06
   3.09830797E-04   5.09099518E+06
   3.14387132E-04   4.99029685E+06
   3.18943468E-04   4.90048140E+06
   3.23499803E-04   4.82597923E+06
   3.28056138E-04   4.76772915E+06
   3.32612473E-04   4.72286417E+06
   3.37168809E-04   4.68536439E+06
   3.41725144E-04   4.64755435E+06
   3.46281479E-04   4.60208634E+06
   3.50837814E-04   4.54389957E+06
   3.55394150E-04   4.47163129E+06
   3.59950485E-04   4.38809170E+06
   3.64506820E-04   4.29966570E+06
   3.69063155E-04   4.21479570E+06
   3.73619491E-04   4.14194413E+06
   3.78175826E-04   4.08756023E+06
   3.82732161E-04   4.05455162E+06
   3.87288496E-04   4.04160412E+06
   3.91844832E-04   4.04345765E+06
   3.96401167E-04   4.05200317E+06
   4.00957502E-04   4.05788203E+06
   4.05513837E-04   4.05218598E+06
   4.10070173E-04   4.02788188E+06
   4.14626508E-04   3.98069945E+06
   4.19182843E-04   3.90937870E+06
   4.23739179E-04   3.81532928E+06
   4.28295514E-04   3.70186626E+06
   4.32851849E-04   3.57323757E+06
   4.37408184E-04   3.43365174E+06
   4.41964520E-04   3.28647011E+06
   4.46520855E-04   3.13367205E+06
   4.51077190E-04   2.97564949E+06
   4.55633525E-04   2.81134555E+06
   4.60189861E-04   2.63871177E+06
   4.64746196E-04   2.45541401E+06
   4.69302531E-04   2.25966721E+06
   4.73858866E-04   2.05103666E+06
   4.78415202E-04   1.83102676E+06
   4.82971537E-04   1.60330619E+06
   4.87527872E-04   1.37349260E+06
   4.92084207E-04   1.14852651E+06
   4.96640543E-04   9.35770706E+05
   5.01196878E-04   7.42043042E+05
   5.05753213E-04   5.72803298E+05
   5.10309548E-04   4.31662767E+05
   5.14865884E-04   3.20288398E+05
   5.19422219E-04   2.38663035E+05
   5.23978554E-04   1.85574514E+05
   5.28534889E-04   1.59162872E+05
   5.33091225E-04   1.57364035E+05
   5.37647560E-04   1.78141237E+05
   5.42203895E-04   2.19472473E+05
   5.46760230E-04   2.79140806E+05
   5.51316566E-04   3.54433861E+05
   5.55872901E-04   4.41885591E+05
   5.60429236E-04   5.37181915E+05
   5.64985571E-04   6.35305542E+05
   5.69541907E-04   7.30926418E+05
   5.74098242E-04   8.18971120E+05
   5.78654577E-04   8.95247492E+05
   5.83210912E-04   9.56976722E+05
   5.87767248E-04   1.00310137E+06
   5.92323583E-04   1.03429059E+06
   5.96879918E-04   1.05263787E+06
   6.01436253E-04   1.06112170E+06
   6.05992589E-04   1.06295430E+06
   6.10548924E-04   1.06096615E+06
   6.15105259E-04   1.05715795E+06
   6.19661594E-04   1.05250497E+06
   6.24217930E-04   1.04703270E+06
   6.28774265E-04   1.04011442E+06
   6.33330600E-04   1.03088765E+06
   6.37886935E-04   1.01866066E+06
   6.42443271E-04   1.00318975E+06
   6.46999606E-04   9.84752345E+05
   6.51555941E-04   9.64009531E+05
   6.56112276E-04   9.41724407E+05
   6.60668612E-04   9.18457484E+05
   6.65224947E-04   8.94375678E+05
   6.69781282E-04   8.69278314E+05
   6.74337617E-04   8.42867848E+05
   6.78893953E-04   8.15197339E+05
   6.83450288E-04   7.87143200E+05
   6.88006623E-04   7.60712275E+05
   6.92562958E-04   7.39016274E+05
   6.97119294E-04   7.25833292E+05
   7.01675629E-04   7.24802861E+05
   7.06231964E-04   7.38429221E+05
   7.10788299E-04   7.67155057E+05
   7.15344635E-04   8.08782408E+05
   7.19900970E-04   8.58448117E+05
   7.24457305E-04   9.09223199E+05
   7.29013640E-04   9.53237256E+05
   7.33569976E-04   9.83080214E+05
   7.38126311E-04   9.93150323E+05
   7.42682646E-04   9.80626347E+05
   7.47238981E-04   9.45841420E+05
   7.51795317E-04   8.91995943E+05
   7.56351652E-04   8.24318090E+05
   7.60907987E-04   7.48912048E+05
   7.65464322E-04   6.71590135E+05
   7.70020658E-04   5.96955539E+05
   7.74576993E-04   5.27904957E+05
   7.79133328E-04   4.65591195E+05
   7.83689663E-04   4.09765491E+05
   7.88245999E-04   3.59340483E+05
   7.92802334E-04   3.12991929E+05
   7.97358669E-04   2.69646829E+05
   8.01915004E-04   2.28769314E+05
   8.06471340E-04   1.90429389E+05
   8.11027675E-04   1.55201033E+05
   8.15584010E-04   1.23970680E+05
   8.20140345E-04   9.77405960E+04
   8.24696681E-04   7.74891838E+04
   8.29253016E-04   6.41131909E+04
   8.33809351E-04   5.84384937E+04
   8.38365687E-04   6.12580788E+04
   8.42922022E-04   7.33454004E+04
   8.47478357E-04   9.54005299E+04
   8.52034692E-04   1.27912435E+05
   8.56591028E-04   1.70956023E+05
   8.61147363E-04   2.23976913E+05
   8.65703698E-04   2.85638920E+05
   8.70260033E-04   3.53809512E+05
   8.74816369E-04   4.25732971E+05
   8.79372704E-04   4.98393485E+05
   8.83929039E-04   5.69013186E+05
   8.88485374E-04   6.35580841E+05
   8.93041710E-04   6.97282834E+05
   8.97598045E-04   7.54719735E+05
   9.02154380E-04   8.09838334E+05
   9.06710715E-04   8.65577708E+05
   9.11267051E-04   9.25298103E+05
   9.15823386E-04   9.92111720E+05
   9.20379721E-04   1.06825020E+06
   9.24936056E-04   1.15458193E+06
   9.29492392E-04   1.25034347E+06
   9.34048727E-04   1.35309262E+06
   9.38605062E-04   1.45884741E+06
   9.43161397E-04   1.56235898E+06
   9.47717733E-04   1.65747837E+06
   9.52274068E-04   1.73760390E+06
   9.56830403E-04   1.79621606E+06
   9.61386738E-04   1.82750226E+06
   9.65943074E-04   1.82703924E+06
   9.70499409E-04   1.79244957E+06
   9.75055744E-04   1.72390624E+06
   9.79612079E-04   1.62435100E+06
   9.84168415E-04   1.49933300E+06
   9.88724750E-04   1.35645471E+06
   9.93281085E-04   1.20450770E+06
   9.97837420E-04   1.05245771E+06
   1.00239376E-03   9.08470156E+05
   1.00695009E-03   7.79145703E+05
   1.01150643E-03   6.69070349E+05
   1.01606276E-03   5.80700887E+05
   1.02061910E-03   5.14531068E+05
   1.02517543E-03   4.69437182E+05
   1.02973177E-03   4.43091781E+05
   1.03428810E-03   4.32356149E+05
   1.03884444E-03   4.33602266E+05
   1.04340077E-03   4.42957239E+05
   1.04795711E-03   4.56494068E+05
   1.05251344E-03   4.70404815E+05
   1.05706978E-03   4.81185748E+05
   1.06162611E-03   4.85844279E+05
   1.06618245E-03   4.82113329E+05
   1.07073878E-03   4.68639077E+05
   1.07529512E-03   4.45099450E+05
   1.07985145E-03   4.12216148E+05
   1.08440779E-03   3.71641064E+05
