ndtset 10
acell1 15.25770771822 15.1694892657 15.4660494285
acell2 15.10358945844 15.0162621014 15.309826707
acell3 14.94947119866 14.8630349371 15.1536039855
acell4 14.79535293888 14.7098077728 14.997381264
acell5 14.6412346791 14.5565806085 14.8411585425
acell6 14.48711641932 14.4033534442 14.684935821
acell7 14.33299815954 14.2501262799 14.5287130995
acell8 14.17887989976 14.0968991156 14.372490378
acell9 14.02476163998 13.9436719513 14.2162676565
acell10 13.8706433802 13.790444787 14.060044935

            rprim     0.0000000000E+00  7.2077268023E-01  6.9317151083E-01
                       7.1687408017E-01  0.0000000000E+00  6.9720266292E-01
                       7.0312808156E-01  7.1106321865E-01  0.0000000000E+00
natom    9  
ntypat   4  

            typat 1 1 4 4 2 4 2 2 3
      
znucl    55 53 40 17
             xred     2.4931221725E-01  2.5068778275E-01  2.4931221725E-01
                       7.4931221725E-01  7.5068778275E-01  7.4931221725E-01
                       2.1212332009E-01  2.2262467089E-01  7.7737532911E-01
                       7.7737532911E-01  7.8787667991E-01  2.1212332009E-01
                       2.4922850655E-01  7.5077149345E-01  7.4883813820E-01
                       7.8215452645E-01  2.1784547355E-01  7.8215452645E-01
                       2.4045389127E-01  7.5954610873E-01  2.4045389127E-01
                       7.4883813820E-01  2.5116186180E-01  2.4922850655E-01
                      -8.7981461518E-03  8.7981461518E-03 -8.7981461518E-03
         
getxred1 0
getxred -1

diemac 12.0
ecut 16
pawecutdg 40
ixc -101130
kptopt 1
ngkpt 4 4 4
prtden 1
iscf 17
nstep 2500
prtwf 0
nshiftk 4
shiftk  0.5 0.5 0.5
        0.5 0.0 0.0
        0.0 0.5 0.0
        0.0 0.0 0.5
nband 42

toldff 1.0d-8
tolmxf 1.0d-5
ionmov 2
optcell 3
ecutsm 0.5
dilatmx 1.15
