ndtset 10
            acell1     1.5517150267E+01  1.5798698106E+01  1.5517150267E+01
            acell2     1.5359217149E+01  1.5641849954E+01  1.5359217149E+01
            acell3     1.5199297530E+01  1.5489578171E+01  1.5199297530E+01
            acell4     1.5040013815E+01  1.5335874673E+01  1.5040013815E+01
            acell5     1.4877171075E+01  1.5190504331E+01  1.4877171075E+01
            acell6     1.4715706158E+01  1.5042040203E+01  1.4715706158E+01
            acell7     1.4553959144E+01  1.4894354688E+01  1.4553959144E+01
            acell8     1.4391291818E+01  1.4749014473E+01  1.4391291818E+01
            acell9     1.4228970816E+01  1.4603012639E+01  1.4228970816E+01
            acell10    1.4067585625E+01  1.4454874268E+01  1.4067585625E+01


            rprim1     0.0000000000E+00  6.9403969021E-01  7.1993673917E-01
                       7.0710678119E-01  0.0000000000E+00  7.0710678119E-01
                       7.1993673917E-01  6.9403969021E-01  0.0000000000E+00
            rprim2     0.0000000000E+00  6.9385097903E-01  7.2011861446E-01
                       7.0710678119E-01  0.0000000000E+00  7.0710678119E-01
                       7.2011861446E-01  6.9385097903E-01  0.0000000000E+00
            rprim3     0.0000000000E+00  6.9333926356E-01  7.2061131382E-01
                       7.0710678119E-01  0.0000000000E+00  7.0710678119E-01
                       7.2061131382E-01  6.9333926356E-01  0.0000000000E+00
            rprim4     0.0000000000E+00  6.9291769564E-01  7.2101668987E-01
                       7.0710678119E-01  0.0000000000E+00  7.0710678119E-01
                       7.2101668987E-01  6.9291769564E-01  0.0000000000E+00
            rprim5     0.0000000000E+00  6.9189367915E-01  7.2199940218E-01
                       7.0710678119E-01  0.0000000000E+00  7.0710678119E-01
                       7.2199940218E-01  6.9189367915E-01  0.0000000000E+00
            rprim6     0.0000000000E+00  6.9107033908E-01  7.2278751126E-01
                       7.0710678119E-01  0.0000000000E+00  7.0710678119E-01
                       7.2278751126E-01  6.9107033908E-01  0.0000000000E+00
            rprim7     0.0000000000E+00  6.9017242047E-01  7.2364496130E-01
                       7.0710678119E-01  0.0000000000E+00  7.0710678119E-01
                       7.2364496130E-01  6.9017242047E-01  0.0000000000E+00
            rprim8     0.0000000000E+00  6.8908213216E-01  7.2468325160E-01
                       7.0710678119E-01  0.0000000000E+00  7.0710678119E-01
                       7.2468325160E-01  6.8908213216E-01  0.0000000000E+00
            rprim9     0.0000000000E+00  6.8801682089E-01  7.2569473897E-01
                       7.0710678119E-01  0.0000000000E+00  7.0710678119E-01
                       7.2569473897E-01  6.8801682089E-01  0.0000000000E+00
            rprim10    0.0000000000E+00  6.8708839640E-01  7.2657383351E-01
                       7.0710678119E-01  0.0000000000E+00  7.0710678119E-01
                       7.2657383351E-01  6.8708839640E-01  0.0000000000E+00

natom    9  
ntypat   4  

typat 1 1 4 2 2 4 2 2 3  
      
znucl    55 53 72 35
             xred1     2.4999760019E-01  2.5000239981E-01  2.4999760019E-01
                       7.4999760019E-01  7.5000239981E-01  7.4999760019E-01
                       7.7184914423E-01  2.2815085577E-01  7.7184914423E-01
                       2.4319259316E-01  2.4319006684E-01  7.5680993316E-01
                       7.5680993316E-01  7.5680740684E-01  2.4319259316E-01
                       2.2815277937E-01  7.7184722063E-01  2.2815277937E-01
                       2.4319259316E-01  7.5680740684E-01  7.5680993316E-01
                       7.5680993316E-01  2.4319006684E-01  2.4319259316E-01
                       1.0233862266E-06 -1.0233862266E-06  1.0233862266E-06
             xred2     2.5000284116E-01  2.4999715884E-01  2.5000284116E-01
                       7.5000284116E-01  7.4999715884E-01  7.5000284116E-01
                       7.6955945552E-01  2.3044054448E-01  7.6955945552E-01
                       2.4520181734E-01  2.4520337729E-01  7.5479662271E-01
                       7.5479662271E-01  7.5479818266E-01  2.4520181734E-01
                       2.3044106743E-01  7.6955893257E-01  2.3044106743E-01
                       2.4520181734E-01  7.5479818266E-01  7.5479662271E-01
                       7.5479662271E-01  2.4520337729E-01  2.4520181734E-01
                       1.1463223993E-07 -1.1463223993E-07  1.1463223993E-07
             xred3     2.4999816130E-01  2.5000183870E-01  2.4999816130E-01
                       7.4999816130E-01  7.5000183870E-01  7.4999816130E-01
                       7.6711772985E-01  2.3288227015E-01  7.6711772985E-01
                       2.4712026889E-01  2.4711668478E-01  7.5288331522E-01
                       7.5288331522E-01  7.5287973111E-01  2.4712026889E-01
                       2.3288192166E-01  7.6711807834E-01  2.3288192166E-01
                       2.4712026889E-01  7.5287973111E-01  7.5288331522E-01
                       7.5288331522E-01  2.4711668478E-01  2.4712026889E-01
                       5.7660110907E-08 -5.7660110909E-08  5.7660110907E-08
             xred4     2.5000104643E-01  2.4999895357E-01  2.5000104643E-01
                       7.5000104643E-01  7.4999895357E-01  7.5000104643E-01
                       7.6471830305E-01  2.3528169695E-01  7.6471830305E-01
                       2.4901552938E-01  2.4901503816E-01  7.5098496184E-01
                       7.5098496184E-01  7.5098447062E-01  2.4901552938E-01
                       2.3528162083E-01  7.6471837917E-01  2.3528162083E-01
                       2.4901552938E-01  7.5098447062E-01  7.5098496184E-01
                       7.5098496184E-01  2.4901503816E-01  2.4901552938E-01
                       2.0081702218E-07 -2.0081702219E-07  2.0081702218E-07
             xred5     2.4999986791E-01  2.5000013209E-01  2.4999986791E-01
                       7.4999986791E-01  7.5000013209E-01  7.4999986791E-01
                       7.6208697927E-01  2.3791302073E-01  7.6208697927E-01
                       2.5073763472E-01  2.5073675011E-01  7.4926324989E-01
                       7.4926324989E-01  7.4926236528E-01  2.5073763472E-01
                       2.3791430505E-01  7.6208569495E-01  2.3791430505E-01
                       2.5073763472E-01  7.4926236528E-01  7.4926324989E-01
                       7.4926324989E-01  2.5073675011E-01  2.5073763472E-01
                       4.1063414386E-07 -4.1063414385E-07  4.1063414386E-07
             xred6     2.5000072920E-01  2.4999927080E-01  2.5000072920E-01
                       7.5000072920E-01  7.4999927080E-01  7.5000072920E-01
                       7.5955772022E-01  2.4044227978E-01  7.5955772022E-01
                       2.5242831083E-01  2.5242776797E-01  7.4757223203E-01
                       7.4757223203E-01  7.4757168917E-01  2.5242831083E-01
                       2.4044260863E-01  7.5955739137E-01  2.4044260863E-01
                       2.5242831083E-01  7.4757168917E-01  7.4757223203E-01
                       7.4757223203E-01  2.5242776797E-01  2.5242831083E-01
                       3.2704810504E-07 -3.2704810505E-07  3.2704810504E-07
             xred7     2.5000010178E-01  2.4999989822E-01  2.5000010178E-01
                       7.5000010178E-01  7.4999989822E-01  7.5000010178E-01
                       7.5703151777E-01  2.4296848223E-01  7.5703151777E-01
                       2.5403733405E-01  2.5403642913E-01  7.4596357087E-01
                       7.4596357087E-01  7.4596266595E-01  2.5403733405E-01
                       2.4296935022E-01  7.5703064978E-01  2.4296935022E-01
                       2.5403733405E-01  7.4596266595E-01  7.4596357087E-01
                       7.4596357087E-01  2.5403642913E-01  2.5403733405E-01
                       3.1862481562E-07 -3.1862481562E-07  3.1862481562E-07
             xred8     2.5000053077E-01  2.4999946923E-01  2.5000053077E-01
                       7.5000053077E-01  7.4999946923E-01  7.5000053077E-01
                       7.5447404828E-01  2.4552595172E-01  7.5447404828E-01
                       2.5553808320E-01  2.5553756082E-01  7.4446243918E-01
                       7.4446243918E-01  7.4446191680E-01  2.5553808320E-01
                       2.4552663768E-01  7.5447336232E-01  2.4552663768E-01
                       2.5553808320E-01  7.4446191680E-01  7.4446243918E-01
                       7.4446243918E-01  2.5553756082E-01  2.5553808320E-01
                       4.0773732971E-07 -4.0773732971E-07  4.0773732971E-07
             xred9     2.5000023754E-01  2.4999976246E-01  2.5000023754E-01
                       7.5000023754E-01  7.4999976246E-01  7.5000023754E-01
                       7.5199192371E-01  2.4800807629E-01  7.5199192371E-01
                       2.5694384349E-01  2.5694298831E-01  7.4305701169E-01
                       7.4305701169E-01  7.4305615651E-01  2.5694384349E-01
                       2.4800877298E-01  7.5199122702E-01  2.4800877298E-01
                       2.5694384349E-01  7.4305615651E-01  7.4305701169E-01
                       7.4305701169E-01  2.5694298831E-01  2.5694384349E-01
                       3.1787175790E-07 -3.1787175790E-07  3.1787175790E-07
             xred10    2.5000042716E-01  2.4999957284E-01  2.5000042716E-01
                       7.5000042716E-01  7.4999957284E-01  7.5000042716E-01
                       7.4962999935E-01  2.5037000065E-01  7.4962999935E-01
                       2.5829351164E-01  2.5829289630E-01  7.4170710370E-01
                       7.4170710370E-01  7.4170648836E-01  2.5829351164E-01
                       2.5037074504E-01  7.4962925496E-01  2.5037074504E-01
                       2.5829351164E-01  7.4170648836E-01  7.4170710370E-01
                       7.4170710370E-01  2.5829289630E-01  2.5829351164E-01
                       3.7062822271E-07 -3.7062822271E-07  3.7062822271E-07

diemac 12.0
ecut 16
pawecutdg 40
ixc -101130
kptopt 1
ngkpt 12 12 12
prtden 1
iscf 17
nstep 2500
prtwf 0
nshiftk 1
shiftk 0 0 0
nband 42
toldfe 1.0d-8
