ndtset 4
            acell1     1.5743583964E+01  1.5795554602E+01  1.5743583964E+01
            acell2     1.5795554269E+01  1.5743584043E+01  1.5743584043E+01
            acell3     1.5496161884E+01  1.5743530264E+01  1.5743530264E+01
            acell4     1.5546725663E+01  1.5546725663E+01  1.5974160276E+01
            rprim1     6.7427829732E-03  7.1145608901E-01  7.0269820570E-01
                       7.0710678119E-01  0.0000000000E+00  7.0710678119E-01
                       7.0269820570E-01  7.1145608901E-01  6.7427829732E-03
            rprim2     0.0000000000E+00  7.0710678119E-01  7.0710678119E-01
                       7.1145610699E-01  6.7427825722E-03  7.0269818750E-01
                       7.1145610699E-01  7.0269818750E-01  6.7427825722E-03
            rprim3     0.0000000000E+00  7.0710678119E-01  7.0710678119E-01
                       7.1143424933E-01 -6.7240479235E-03  7.0272049640E-01
                       7.1143424933E-01  7.0272049640E-01 -6.7240479235E-03
            rprim4     0.0000000000E+00  7.2654765382E-01  6.8711607952E-01
                       7.2654765382E-01  0.0000000000E+00  6.8711607952E-01
                       7.0710678119E-01  7.0710678119E-01  0.0000000000E+00
natom    9  
ntypat   4  
  
            typat1    1 1 4 2 4 2 2 2 3  
            typat2    1 1 4 2 2 4 2 2 3  
            typat3    1 1 2 4 2 4 2 2 3
            typat4    1 1 4 4 2 2 2 2 3
        
znucl    55 53 40 17
             xred1     2.5517158367E-01  2.4724557682E-01  2.5033726268E-01
                       7.4966273732E-01  7.5275442318E-01  7.4482841633E-01
                       2.2374423846E-01  2.1025607261E-01  7.7625576154E-01
                       7.6157654999E-01  7.5739383461E-01  2.3842345001E-01
                       2.2374423846E-01  7.8974392739E-01  7.7625576154E-01
                       7.5950196332E-01  2.4456649671E-01  7.5136504326E-01
                       2.4863495674E-01  7.5543350329E-01  2.4049803668E-01
                       7.6157654999E-01  2.4260616539E-01  2.3842345001E-01
                       1.6387182025E-02  4.3075102207E-20 -1.6387182025E-02
             xred2     2.4724561075E-01  2.5517161033E-01  2.5033716817E-01
                       7.5275438925E-01  7.4966283183E-01  7.4482838967E-01
                       2.1025608112E-01  2.2374421819E-01  7.7625578181E-01
                       7.5739383242E-01  7.6157652108E-01  2.3842347892E-01
                       2.4456649002E-01  7.5950196864E-01  7.5136505132E-01
                       7.8974391888E-01  2.2374421819E-01  7.7625578181E-01
                       2.4260616758E-01  7.6157652108E-01  2.3842347892E-01
                       7.5543350998E-01  2.4863494868E-01  2.4049803136E-01
                       4.7390786311E-19  1.6387162005E-02 -1.6387162005E-02
             xred3     2.5045836096E-01  2.4718330697E-01  2.4718330697E-01
                       7.4482497490E-01  7.5281669303E-01  7.5281669303E-01
                       2.3838234321E-01  2.4261757029E-01  7.5738242971E-01
                       7.7622807669E-01  7.8976414446E-01  2.1023585554E-01
                       2.4052340941E-01  7.5542688058E-01  7.5542688058E-01
                       7.7622807669E-01  2.1023585554E-01  7.8976414446E-01
                       2.3838234321E-01  7.5738242971E-01  2.4261757029E-01
                       7.5137717057E-01  2.4457311942E-01  2.4457311942E-01
                      -1.6404755614E-02 -2.8862260748E-19  2.8862260748E-19
             xred4     2.5000000000E-01  2.5000000000E-01  2.5000000000E-01
                       7.5000000000E-01  7.5000000000E-01  7.5000000000E-01
                       2.1645774289E-01  2.1645774289E-01  7.8354225711E-01
                       7.8354225711E-01  7.8354225711E-01  2.1645774289E-01
                       2.4318325524E-01  7.5681674476E-01  7.5681674476E-01
                       7.5681674476E-01  2.4318325524E-01  7.5681674476E-01
                       2.4318325524E-01  7.5681674476E-01  2.4318325524E-01
                       7.5681674476E-01  2.4318325524E-01  2.4318325524E-01
                      -5.4575994689E-21  2.8665548261E-21  3.4384485616E-21
         
diemac 12.0
ecut 16
pawecutdg 40
ixc -101130
kptopt 1
ngkpt 4 4 4
prtden 1
iscf 17
nstep 2500
prtwf 0
nshiftk 4
shiftk  0.5 0.5 0.5
        0.5 0.0 0.0
        0.0 0.5 0.0
        0.0 0.0 0.5
nband 42

toldff 1.0d-8
tolmxf 1.0d-5
ionmov 2
optcell 2
ecutsm 0.5
dilatmx 1.15
