ndtset 10

            acell1     1.4689253913E+01  1.4799496512E+01  1.4481134838E+01
            acell2     1.4674679350E+01  1.4784998678E+01  1.4466248535E+01
            acell3     1.4660893965E+01  1.4771147024E+01  1.4450086167E+01
            acell4     1.4646252380E+01  1.4755991393E+01  1.4435827145E+01
            acell5     1.4633223532E+01  1.4742138529E+01  1.4418978075E+01
            acell6     1.4618973935E+01  1.4727717665E+01  1.4403730864E+01
            acell7     1.4605269736E+01  1.4713162138E+01  1.4388103390E+01
            acell8     1.4591782676E+01  1.4698186801E+01  1.4372639589E+01
            acell9     1.4577611028E+01  1.4683356580E+01  1.4357674028E+01
            acell10    1.4563498742E+01  1.4668687131E+01  1.4342516957E+01

            rprim1     0.0000000000E+00  6.9166401161E-01  7.2221942306E-01
                       6.9723816097E-01  0.0000000000E+00  7.1683955449E-01
                       7.1256664949E-01  7.0160442561E-01  0.0000000000E+00
            rprim2     0.0000000000E+00  6.9162960703E-01  7.2225237049E-01
                       6.9721381642E-01  0.0000000000E+00  7.1686323256E-01
                       7.1257626540E-01  7.0159465932E-01  0.0000000000E+00
            rprim3     0.0000000000E+00  6.9150268794E-01  7.2237388697E-01
                       6.9709165143E-01  0.0000000000E+00  7.1698202872E-01
                       7.1258006038E-01  7.0159080492E-01  0.0000000000E+00
            rprim4     0.0000000000E+00  6.9153114975E-01  7.2234664042E-01
                       6.9709927985E-01  0.0000000000E+00  7.1697461184E-01
                       7.1255986037E-01  7.0161132073E-01  0.0000000000E+00
            rprim5     0.0000000000E+00  6.9137215525E-01  7.2249881864E-01
                       6.9690753285E-01  0.0000000000E+00  7.1716099354E-01
                       7.1252673657E-01  7.0164495984E-01  0.0000000000E+00
            rprim6     0.0000000000E+00  6.9131660619E-01  7.2255197045E-01
                       6.9684996806E-01  0.0000000000E+00  7.1721692814E-01
                       7.1252439267E-01  7.0164734008E-01  0.0000000000E+00
            rprim7     0.0000000000E+00  6.9125031210E-01  7.2261539288E-01
                       6.9674755816E-01  0.0000000000E+00  7.1731641567E-01
                       7.1248861057E-01  7.0168367504E-01  0.0000000000E+00
            rprim8     0.0000000000E+00  6.9121333579E-01  7.2265076242E-01
                       6.9664162169E-01  0.0000000000E+00  7.1741929924E-01
                       7.1242089022E-01  7.0175243155E-01  0.0000000000E+00
            rprim9     0.0000000000E+00  6.9119188300E-01  7.2267128134E-01
                       6.9659270213E-01  0.0000000000E+00  7.1746679877E-01
                       7.1239387504E-01  7.0177985637E-01  0.0000000000E+00
            rprim10    0.0000000000E+00  6.9115310911E-01  7.2270836426E-01
                       6.9653186561E-01  0.0000000000E+00  7.1752586029E-01
                       7.1237203660E-01  7.0180202441E-01  0.0000000000E+00

natom    9  
ntypat   4  
typat 1 1 4 4 2 4 2 2 3
znucl    55 53 72 17

             xred1     2.5027612609E-01  2.5027612609E-01  2.4972387391E-01
                       7.5027612609E-01  7.5027612609E-01  7.4972387391E-01
                       7.7989839606E-01  2.3292114649E-01  7.6707885351E-01
                       2.2664959330E-01  2.2664959330E-01  7.7335040670E-01
                       7.5357762067E-01  7.5357762067E-01  2.4642237933E-01
                       2.3292114649E-01  7.7989839606E-01  2.2010160394E-01
                       2.5980738799E-01  7.3700817765E-01  7.4019261201E-01
                       7.3700817765E-01  2.5980738799E-01  2.6299182235E-01
                       9.5854256733E-03  9.5854256733E-03 -9.5854256733E-03
             xred2     2.5027824884E-01  2.5027824884E-01  2.4972175116E-01
                       7.5027824884E-01  7.5027824884E-01  7.4972175116E-01
                       7.7968345587E-01  2.3314981686E-01  7.6685018314E-01
                       2.2686975380E-01  2.2686975380E-01  7.7313024620E-01
                       7.5343865941E-01  7.5343865941E-01  2.4656134059E-01
                       2.3314981686E-01  7.7968345587E-01  2.2031654413E-01
                       2.5993561873E-01  7.3676332001E-01  7.4006438127E-01
                       7.3676332001E-01  2.5993561873E-01  2.6323667999E-01
                       9.6028776381E-03  9.6028776381E-03 -9.6028776381E-03
             xred3     2.5021163362E-01  2.5021163362E-01  2.4978836638E-01
                       7.5021163362E-01  7.5021163362E-01  7.4978836638E-01
                       7.7952203185E-01  2.3346915456E-01  7.6653084544E-01
                       2.2706547509E-01  2.2706547509E-01  7.7293452491E-01
                       7.5334406752E-01  7.5334406752E-01  2.4665593248E-01
                       2.3346915456E-01  7.7952203185E-01  2.2047796815E-01
                       2.6006361009E-01  7.3647676576E-01  7.3993638991E-01
                       7.3647676576E-01  2.6006361009E-01  2.6352323424E-01
                       9.6356278790E-03  9.6356278790E-03 -9.6356278790E-03
             xred4     2.5021237713E-01  2.5021237713E-01  2.4978762287E-01
                       7.5021237713E-01  7.5021237713E-01  7.4978762287E-01
                       7.7931104482E-01  2.3367215278E-01  7.6632784722E-01
                       2.2731416939E-01  2.2731416939E-01  7.7268583061E-01
                       7.5320491547E-01  7.5320491547E-01  2.4679508453E-01
                       2.3367215278E-01  7.7931104482E-01  2.2068895518E-01
                       2.6018178466E-01  7.3622362926E-01  7.3981821534E-01
                       7.3622362926E-01  2.6018178466E-01  2.6377637074E-01
                       9.6675493539E-03  9.6675493539E-03 -9.6675493539E-03
             xred5     2.5014200936E-01  2.5014200936E-01  2.4985799064E-01
                       7.5014200936E-01  7.5014200936E-01  7.4985799064E-01
                       7.7915831712E-01  2.3399187757E-01  7.6600812243E-01
                       2.2748022442E-01  2.2748022442E-01  7.7251977558E-01
                       7.5313489099E-01  7.5313489099E-01  2.4686510901E-01
                       2.3399187757E-01  7.7915831712E-01  2.2084168288E-01
                       2.6034456763E-01  7.3591374162E-01  7.3965543237E-01
                       7.3591374162E-01  2.6034456763E-01  2.6408625838E-01
                       9.6923619236E-03  9.6923619236E-03 -9.6923619236E-03
             xred6     2.5006432457E-01  2.5006432457E-01  2.4993567543E-01
                       7.5006432457E-01  7.5006432457E-01  7.4993567543E-01
                       7.7900207868E-01  2.3428538658E-01  7.6571461342E-01
                       2.2771249645E-01  2.2771249645E-01  7.7228750355E-01
                       7.5303668733E-01  7.5303668733E-01  2.4696331267E-01
                       2.3428538658E-01  7.7900207868E-01  2.2099792132E-01
                       2.6046267593E-01  7.3563228235E-01  7.3953732407E-01
                       7.3563228235E-01  2.6046267593E-01  2.6436771765E-01
                       9.7397435362E-03  9.7397435362E-03 -9.7397435362E-03
             xred7     2.5004456492E-01  2.5004456492E-01  2.4995543508E-01
                       7.5004456492E-01  7.5004456492E-01  7.4995543508E-01
                       7.7882816380E-01  2.3454946243E-01  7.6545053757E-01
                       2.2791083445E-01  2.2791083445E-01  7.7208916555E-01
                       7.5292730010E-01  7.5292730010E-01  2.4707269990E-01
                       2.3454946243E-01  7.7882816380E-01  2.2117183620E-01
                       2.6060069367E-01  7.3533643960E-01  7.3939930633E-01
                       7.3533643960E-01  2.6060069367E-01  2.6466356040E-01
                       9.7579761031E-03  9.7579761031E-03 -9.7579761031E-03
             xred8     2.4999137234E-01  2.4999137234E-01  2.5000862766E-01
                       7.4999137234E-01  7.4999137234E-01  7.5000862766E-01
                       7.7866202361E-01  2.3480387966E-01  7.6519612034E-01
                       2.2813587583E-01  2.2813587583E-01  7.7186412417E-01
                       7.5282658790E-01  7.5282658790E-01  2.4717341210E-01
                       2.3480387966E-01  7.7866202361E-01  2.2133797639E-01
                       2.6074001898E-01  7.3505306750E-01  7.3925998102E-01
                       7.3505306750E-01  2.6074001898E-01  2.6494693250E-01
                       9.7958018643E-03  9.7958018643E-03 -9.7958018643E-03
             xred9     2.4993734434E-01  2.4993734434E-01  2.5006265566E-01
                       7.4993734434E-01  7.4993734434E-01  7.5006265566E-01
                       7.7848530507E-01  2.3504519592E-01  7.6495480408E-01
                       2.2837992127E-01  2.2837992127E-01  7.7162007873E-01
                       7.5271973251E-01  7.5271973251E-01  2.4728026749E-01
                       2.3504519592E-01  7.7848530507E-01  2.2151469493E-01
                       2.6087646010E-01  7.3477775616E-01  7.3912353990E-01
                       7.3477775616E-01  2.6087646010E-01  2.6522224384E-01
                       9.8409403001E-03  9.8409403001E-03 -9.8409403001E-03
             xred10    2.4990691466E-01  2.4990691466E-01  2.5009308534E-01
                       7.4990691466E-01  7.4990691466E-01  7.5009308534E-01
                       7.7830103441E-01  2.3530047557E-01  7.6469952443E-01
                       2.2860020659E-01  2.2860020659E-01  7.7139979341E-01
                       7.5260141541E-01  7.5260141541E-01  2.4739858459E-01
                       2.3530047557E-01  7.7830103441E-01  2.2169896559E-01
                       2.6099721909E-01  7.3451750963E-01  7.3900278091E-01
                       7.3451750963E-01  2.6099721909E-01  2.6548249037E-01
                       9.8683099883E-03  9.8683099883E-03 -9.8683099883E-03
         
getxred1 0
getxred -1

diemac 12.0
ecut 16
pawecutdg 40
ixc -101130
kptopt 1
ngkpt 4 4 4
prtden 1
iscf 17
nstep 2500
prtwf 0
nshiftk 4
shiftk  0.5 0.5 0.5
        0.5 0.0 0.0
        0.0 0.5 0.0
        0.0 0.0 0.5
nband 42

toldff 1.0d-8
tolmxf 1.0d-5
ionmov 2
optcell 3
ecutsm 0.5
dilatmx 1.15
