ndtset 10
            acell1     1.5398283277E+01  1.5556389011E+01  1.5390759905E+01
            acell2     1.5249283443E+01  1.5397457240E+01  1.5230457434E+01
            acell3     1.5096291126E+01  1.5243627306E+01  1.5069425502E+01
            acell4     1.4941198252E+01  1.5088135899E+01  1.4912011930E+01
            acell5     1.4783773163E+01  1.4935320923E+01  1.4754449863E+01
            acell6     1.4622934536E+01  1.4784857993E+01  1.4598127832E+01
            acell7     1.4458864212E+01  1.4636297494E+01  1.4443320762E+01
            acell8     1.4296307655E+01  1.4486298150E+01  1.4288378004E+01
            acell9     1.4131867807E+01  1.4337547117E+01  1.4134247637E+01
            acell10    1.3967045244E+01  1.4188492485E+01  1.3980853427E+01


            rprim1     0.0000000000E+00  6.9942195435E-01  7.1470898257E-01
                       7.0676828787E-01  0.0000000000E+00  7.0744511255E-01
                       7.1437424105E-01  6.9976384854E-01  0.0000000000E+00
            rprim2     0.0000000000E+00  6.9928694589E-01  7.1484107835E-01
                       7.0625055293E-01  0.0000000000E+00  7.0796197390E-01
                       7.1399449011E-01  7.0015131800E-01  0.0000000000E+00
            rprim3     0.0000000000E+00  6.9886663921E-01  7.1525199797E-01
                       7.0587263072E-01  0.0000000000E+00  7.0833878138E-01
                       7.1403248300E-01  7.0011257182E-01  0.0000000000E+00
            rprim4     0.0000000000E+00  6.9868858782E-01  7.1542592715E-01
                       7.0575230808E-01  0.0000000000E+00  7.0845866474E-01
                       7.1408786320E-01  7.0005608606E-01  0.0000000000E+00
            rprim5     0.0000000000E+00  6.9836594606E-01  7.1574087866E-01
                       7.0573259586E-01  0.0000000000E+00  7.0847830111E-01
                       7.1438399280E-01  6.9975389304E-01  0.0000000000E+00
            rprim6     0.0000000000E+00  6.9797596861E-01  7.1612118196E-01
                       7.0593338073E-01  0.0000000000E+00  7.0827823768E-01
                       7.1496324097E-01  6.9916204421E-01  0.0000000000E+00
            rprim7     0.0000000000E+00  6.9755191781E-01  7.1653424339E-01
                       7.0636496122E-01  0.0000000000E+00  7.0784782373E-01
                       7.1580268016E-01  6.9830260137E-01  0.0000000000E+00
            rprim8     0.0000000000E+00  6.9718555947E-01  7.1689071389E-01
                       7.0672479733E-01  0.0000000000E+00  7.0748855881E-01
                       7.1651422729E-01  6.9757247802E-01  0.0000000000E+00
            rprim9     0.0000000000E+00  6.9678419304E-01  7.1728082947E-01
                       7.0722246746E-01  0.0000000000E+00  7.0699107598E-01
                       7.1739477822E-01  6.9666687318E-01  0.0000000000E+00
            rprim10    0.0000000000E+00  6.9642547560E-01  7.1762912213E-01
                       7.0778420457E-01  0.0000000000E+00  7.0642870819E-01
                       7.1829598390E-01  6.9573765136E-01  0.0000000000E+00

natom    9  
ntypat   4  

typat 1 1 4 4 2 4 2 2 3
      
znucl    55 53 72 35
             xred1     2.5091937952E-01  2.5091937952E-01  2.4908062048E-01
                       7.5091937952E-01  7.5091937952E-01  7.4908062048E-01
                       7.7360728661E-01  2.3118560904E-01  7.6881439096E-01
                       2.2921439868E-01  2.2921439868E-01  7.7078560132E-01
                       7.5755349300E-01  7.5755349300E-01  2.4244650700E-01
                       2.3118560904E-01  7.7360728661E-01  2.2639271339E-01
                       2.4790251444E-01  7.5340143753E-01  7.5209748556E-01
                       7.5340143753E-01  2.4790251444E-01  2.4659856247E-01
                       5.2965016538E-03  5.2965016538E-03 -5.2965016538E-03
             xred2     2.5101719828E-01  2.5101719828E-01  2.4898280172E-01
                       7.5101719828E-01  7.5101719828E-01  7.4898280172E-01
                       7.7143558219E-01  2.3330860431E-01  7.6669139569E-01
                       2.3134450991E-01  2.3134450991E-01  7.6865549009E-01
                       7.5577249211E-01  7.5577249211E-01  2.4422750789E-01
                       2.3330860431E-01  7.7143558219E-01  2.2856441781E-01
                       2.4986905350E-01  7.5088656586E-01  7.5013094650E-01
                       7.5088656586E-01  2.4986905350E-01  2.4911343414E-01
                       5.3487955450E-03  5.3487955450E-03 -5.3487955450E-03
             xred3     2.5103506517E-01  2.5103506517E-01  2.4896493483E-01
                       7.5103506517E-01  7.5103506517E-01  7.4896493483E-01
                       7.6907549637E-01  2.3554845756E-01  7.6445154244E-01
                       2.3349712254E-01  2.3349712254E-01  7.6650287746E-01
                       7.5410673835E-01  7.5410673835E-01  2.4589326165E-01
                       2.3554845756E-01  7.6907549637E-01  2.3092450363E-01
                       2.5169177189E-01  7.4853688493E-01  7.4830822811E-01
                       7.4853688493E-01  2.5169177189E-01  2.5146311507E-01
                       5.4733980201E-03  5.4733980201E-03 -5.4733980201E-03
             xred4     2.5090848881E-01  2.5090848881E-01  2.4909151119E-01
                       7.5090848881E-01  7.5090848881E-01  7.4909151119E-01
                       7.6680909152E-01  2.3776737771E-01  7.6223262229E-01
                       2.3583919568E-01  2.3583919568E-01  7.6416080432E-01
                       7.5244392108E-01  7.5244392108E-01  2.4755607892E-01
                       2.3776737771E-01  7.6680909152E-01  2.3319090848E-01
                       2.5336249316E-01  7.4627614186E-01  7.4663750684E-01
                       7.4627614186E-01  2.5336249316E-01  2.5372385814E-01
                       5.6848013675E-03  5.6848013675E-03 -5.6848013675E-03
             xred5     2.5081465380E-01  2.5081465380E-01  2.4918534620E-01
                       7.5081465380E-01  7.5081465380E-01  7.4918534620E-01
                       7.6441857160E-01  2.3998903848E-01  7.6001096152E-01
                       2.3816574374E-01  2.3816574374E-01  7.6183425626E-01
                       7.5084743718E-01  7.5084743718E-01  2.4915256282E-01
                       2.3998903848E-01  7.6441857160E-01  2.3558142840E-01
                       2.5490344434E-01  7.4414103427E-01  7.4509655566E-01
                       7.4414103427E-01  2.5490344434E-01  2.5585896573E-01
                       5.9054227808E-03  5.9054227808E-03 -5.9054227808E-03
             xred6     2.5078488207E-01  2.5078488207E-01  2.4921511793E-01
                       7.5078488207E-01  7.5078488207E-01  7.4921511793E-01
                       7.6187841941E-01  2.4216890638E-01  7.5783109362E-01
                       2.4049211871E-01  2.4049211871E-01  7.5950788129E-01
                       7.4927251003E-01  7.4927251003E-01  2.5072748997E-01
                       2.4216890638E-01  7.6187841941E-01  2.3812158059E-01
                       2.5630939183E-01  7.4220598426E-01  7.4369060817E-01
                       7.4220598426E-01  2.5630939183E-01  2.5779401574E-01
                       6.1029052366E-03  6.1029052366E-03 -6.1029052366E-03
             xred7     2.5068645887E-01  2.5068645887E-01  2.4931354113E-01
                       7.5068645887E-01  7.5068645887E-01  7.4931354113E-01
                       7.5924831414E-01  2.4431412834E-01  7.5568587166E-01
                       2.4287681995E-01  2.4287681995E-01  7.5712318005E-01
                       7.4774041567E-01  7.4774041567E-01  2.5225958433E-01
                       2.4431412834E-01  7.5924831414E-01  2.4075168586E-01
                       2.5756307743E-01  7.4053012063E-01  7.4243692257E-01
                       7.4053012063E-01  2.5756307743E-01  2.5946987937E-01
                       6.3542060786E-03  6.3542060786E-03 -6.3542060786E-03
             xred8     2.5045476619E-01  2.5045476619E-01  2.4954523381E-01
                       7.5045476619E-01  7.5045476619E-01  7.4954523381E-01
                       7.5671327864E-01  2.4637018531E-01  7.5362981469E-01
                       2.4532234216E-01  2.4532234216E-01  7.5467765784E-01
                       7.4638546002E-01  7.4638546002E-01  2.5361453998E-01
                       2.4637018531E-01  7.5671327864E-01  2.4328672136E-01
                       2.5872815307E-01  7.3882517445E-01  7.4127184693E-01
                       7.3882517445E-01  2.5872815307E-01  2.6117482555E-01
                       6.7458739585E-03  6.7458739585E-03 -6.7458739585E-03
             xred9     2.5034613615E-01  2.5034613615E-01  2.4965386385E-01
                       7.5034613615E-01  7.5034613615E-01  7.4965386385E-01
                       7.5405773250E-01  2.4827953221E-01  7.5172046779E-01
                       2.4768858276E-01  2.4768858276E-01  7.5231141724E-01
                       7.4503979843E-01  7.4503979843E-01  2.5496020157E-01
                       2.4827953221E-01  7.5405773250E-01  2.4594226750E-01
                       2.5979626929E-01  7.3735089485E-01  7.4020373071E-01
                       7.3735089485E-01  2.5979626929E-01  2.6264910515E-01
                       7.0949176500E-03  7.0949176500E-03 -7.0949176500E-03
             xred10    2.5019511098E-01  2.5019511098E-01  2.4980488902E-01
                       7.5019511098E-01  7.5019511098E-01  7.4980488902E-01
                       7.5147376983E-01  2.5011317459E-01  7.4988682541E-01
                       2.5004946429E-01  2.5004946429E-01  7.4995053571E-01
                       7.4376935757E-01  7.4376935757E-01  2.5623064243E-01
                       2.5011317459E-01  7.5147376983E-01  2.4852623017E-01
                       2.6072946320E-01  7.3597448685E-01  7.3927053680E-01
                       7.3597448685E-01  2.6072946320E-01  2.6402551315E-01
                       7.5000616968E-03  7.5000616968E-03 -7.5000616968E-03
         
getxred1 0
getxred -1

diemac 12.0
ecut 16
pawecutdg 40
ixc -101130
kptopt 1
ngkpt 4 4 4
prtden 1
iscf 17
nstep 2500
prtwf 0
nshiftk 4
shiftk  0.5 0.5 0.5
        0.5 0.0 0.0
        0.0 0.5 0.0
        0.0 0.0 0.5
nband 42

toldff 1.0d-8
tolmxf 1.0d-6
ionmov 2
optcell 3
ecutsm 0.5
dilatmx 1.15
