ndtset 10
            acell1     1.4607899941E+01  1.4770634452E+01  1.4583425037E+01
            acell2     1.4592226562E+01  1.4757385843E+01  1.4568466253E+01
            acell3     1.4576586005E+01  1.4743453554E+01  1.4554099007E+01
            acell4     1.4561185927E+01  1.4729080648E+01  1.4539895478E+01
            acell5     1.4545942525E+01  1.4715082955E+01  1.4525195593E+01
            acell6     1.4530534645E+01  1.4701097238E+01  1.4510648335E+01
            acell7     1.4515380424E+01  1.4686729635E+01  1.4496197426E+01
            acell8     1.4500213618E+01  1.4672853001E+01  1.4481312893E+01
            acell9     1.4484090523E+01  1.4659086473E+01  1.4467277745E+01
            acell10    1.4468446384E+01  1.4645204295E+01  1.4452873571E+01

            rprim1     0.0000000000E+00  6.9794249307E-01  7.1615380776E-01
                       7.0594803717E-01  0.0000000000E+00  7.0826362946E-01
                       7.1501038836E-01  6.9911382803E-01  0.0000000000E+00
            rprim2     0.0000000000E+00  6.9784717708E-01  7.1624668756E-01
                       7.0598105726E-01  0.0000000000E+00  7.0823071579E-01
                       7.1513601220E-01  6.9898532463E-01  0.0000000000E+00
            rprim3     0.0000000000E+00  6.9781469144E-01  7.1627833725E-01
                       7.0604051335E-01  0.0000000000E+00  7.0817144358E-01
                       7.1522637788E-01  6.9889285902E-01  0.0000000000E+00
            rprim4     0.0000000000E+00  6.9781241490E-01  7.1628055510E-01
                       7.0609634688E-01  0.0000000000E+00  7.0811577368E-01
                       7.1528368649E-01  6.9883420626E-01  0.0000000000E+00
            rprim5     0.0000000000E+00  6.9776722022E-01  7.1632458173E-01
                       7.0612130022E-01  0.0000000000E+00  7.0809089062E-01
                       7.1535239872E-01  6.9876386974E-01  0.0000000000E+00
            rprim6     0.0000000000E+00  6.9772862731E-01  7.1636217281E-01
                       7.0616138370E-01  0.0000000000E+00  7.0805091636E-01
                       7.1542958850E-01  6.9868483875E-01  0.0000000000E+00
            rprim7     0.0000000000E+00  6.9771410268E-01  7.1637631935E-01
                       7.0619398662E-01  0.0000000000E+00  7.0801839896E-01
                       7.1547591737E-01  6.9863739642E-01  0.0000000000E+00
            rprim8     0.0000000000E+00  6.9765357105E-01  7.1643526909E-01
                       7.0620665765E-01  0.0000000000E+00  7.0800576035E-01
                       7.1554744746E-01  6.9856413481E-01  0.0000000000E+00
            rprim9     0.0000000000E+00  6.9762810217E-01  7.1646006941E-01
                       7.0630547978E-01  0.0000000000E+00  7.0790717557E-01
                       7.1566975397E-01  6.9843883287E-01  0.0000000000E+00
            rprim10    0.0000000000E+00  6.9759073902E-01  7.1649644859E-01
                       7.0636397160E-01  0.0000000000E+00  7.0784881127E-01
                       7.1576386661E-01  6.9834238541E-01  0.0000000000E+00

natom    9  
ntypat   4  

typat 1 1 4 4 2 4 2 2 3
      
znucl    55 53 72 35
             xred1     2.5076644518E-01  2.5076644518E-01  2.4923355482E-01
                       7.5076644518E-01  7.5076644518E-01  7.4923355482E-01
                       7.6166122374E-01  2.4238504887E-01  7.5761495113E-01
                       2.4071130056E-01  2.4071130056E-01  7.5928869944E-01
                       7.4913029601E-01  7.4913029601E-01  2.5086970399E-01
                       2.4238504887E-01  7.6166122374E-01  2.3833877626E-01
                       2.5643382246E-01  7.4202431553E-01  7.4356617754E-01
                       7.4202431553E-01  2.5643382246E-01  2.5797568447E-01
                       6.1211024858E-03  6.1211024858E-03 -6.1211024858E-03
             xred2     2.5077001542E-01  2.5077001542E-01  2.4922998458E-01
                       7.5077001542E-01  7.5077001542E-01  7.4922998458E-01
                       7.6138892608E-01  2.4261255464E-01  7.5738744536E-01
                       2.4091393309E-01  2.4091393309E-01  7.5908606691E-01
                       7.4899058464E-01  7.4899058464E-01  2.5100941536E-01
                       2.4261255464E-01  7.6138892608E-01  2.3861107392E-01
                       2.5654624831E-01  7.4187200213E-01  7.4345375169E-01
                       7.4187200213E-01  2.5654624831E-01  2.5812799787E-01
                       6.1357202734E-03  6.1357202734E-03 -6.1357202734E-03
             xred3     2.5077744039E-01  2.5077744039E-01  2.4922255961E-01
                       7.5077744039E-01  7.5077744039E-01  7.4922255961E-01
                       7.6113462987E-01  2.4280925354E-01  7.5719074646E-01
                       2.4113620020E-01  2.4113620020E-01  7.5886379980E-01
                       7.4883260776E-01  7.4883260776E-01  2.5116739224E-01
                       2.4280925354E-01  7.6113462987E-01  2.3886537013E-01
                       2.5666427664E-01  7.4172168898E-01  7.4333572336E-01
                       7.4172168898E-01  2.5666427664E-01  2.5827831102E-01
                       6.1464622236E-03  6.1464622236E-03 -6.1464622236E-03
             xred4     2.5074975125E-01  2.5074975125E-01  2.4925024875E-01
                       7.5074975125E-01  7.5074975125E-01  7.4925024875E-01
                       7.6090397218E-01  2.4300374387E-01  7.5699625613E-01
                       2.4138424854E-01  2.4138424854E-01  7.5861575146E-01
                       7.4868631556E-01  7.4868631556E-01  2.5131368444E-01
                       2.4300374387E-01  7.6090397218E-01  2.3909602782E-01
                       2.5678138357E-01  7.4155886248E-01  7.4321861643E-01
                       7.4155886248E-01  2.5678138357E-01  2.5844113752E-01
                       6.1819712973E-03  6.1819712973E-03 -6.1819712973E-03
             xred5     2.5074384457E-01  2.5074384457E-01  2.4925615543E-01
                       7.5074384457E-01  7.5074384457E-01  7.4925615543E-01
                       7.6065364262E-01  2.4319616315E-01  7.5680383685E-01
                       2.4160301119E-01  2.4160301119E-01  7.5839698881E-01
                       7.4854438136E-01  7.4854438136E-01  2.5145561864E-01
                       2.4319616315E-01  7.6065364262E-01  2.3934635738E-01
                       2.5691445390E-01  7.4139978499E-01  7.4308554610E-01
                       7.4139978499E-01  2.5691445390E-01  2.5860021501E-01
                       6.2008736507E-03  6.2008736507E-03 -6.2008736507E-03
             xred6     2.5072775113E-01  2.5072775113E-01  2.4927224887E-01
                       7.5072775113E-01  7.5072775113E-01  7.4927224887E-01
                       7.6040937499E-01  2.4339716709E-01  7.5660283291E-01
                       2.4183015627E-01  2.4183015627E-01  7.5816984373E-01
                       7.4840441740E-01  7.4840441740E-01  2.5159558260E-01
                       2.4339716709E-01  7.6040937499E-01  2.3959062501E-01
                       2.5703269365E-01  7.4124033177E-01  7.4296730635E-01
                       7.4124033177E-01  2.5703269365E-01  2.5875966823E-01
                       6.2303565737E-03  6.2303565737E-03 -6.2303565737E-03
             xred7     2.5072152136E-01  2.5072152136E-01  2.4927847864E-01
                       7.5072152136E-01  7.5072152136E-01  7.4927847864E-01
                       7.6017552024E-01  2.4358392091E-01  7.5641607909E-01
                       2.4205506330E-01  2.4205506330E-01  7.5794493670E-01
                       7.4825754001E-01  7.4825754001E-01  2.5174245999E-01
                       2.4358392091E-01  7.6017552024E-01  2.3982447976E-01
                       2.5716011403E-01  7.4107309504E-01  7.4283988597E-01
                       7.4107309504E-01  2.5716011403E-01  2.5892690496E-01
                       6.2517037559E-03  6.2517037559E-03 -6.2517037559E-03
             xred8     2.5071667016E-01  2.5071667016E-01  2.4928332984E-01
                       7.5071667016E-01  7.5071667016E-01  7.4928332984E-01
                       7.5992317666E-01  2.4378984979E-01  7.5621015021E-01
                       2.4226342657E-01  2.4226342657E-01  7.5773657343E-01
                       7.4812578588E-01  7.4812578588E-01  2.5187421412E-01
                       2.4378984979E-01  7.5992317666E-01  2.4007682334E-01
                       2.5728236898E-01  7.4090493233E-01  7.4271763102E-01
                       7.4090493233E-01  2.5728236898E-01  2.5909506767E-01
                       6.2771194605E-03  6.2771194605E-03 -6.2771194605E-03
             xred9     2.5069760252E-01  2.5069760252E-01  2.4930239748E-01
                       7.5069760252E-01  7.5069760252E-01  7.4930239748E-01
                       7.5967554694E-01  2.4399702323E-01  7.5600297677E-01
                       2.4251023038E-01  2.4251023038E-01  7.5748976962E-01
                       7.4796260160E-01  7.4796260160E-01  2.5203739840E-01
                       2.4399702323E-01  7.5967554694E-01  2.4032445306E-01
                       2.5736788584E-01  7.4078363653E-01  7.4263211416E-01
                       7.4078363653E-01  2.5736788584E-01  2.5921636347E-01
                       6.3078704457E-03  6.3078704457E-03 -6.3078704457E-03
             xred10    2.5068230237E-01  2.5068230237E-01  2.4931769763E-01
                       7.5068230237E-01  7.5068230237E-01  7.4931769763E-01
                       7.5941666171E-01  2.4419374702E-01  7.5580625298E-01
                       2.4274740508E-01  2.4274740508E-01  7.5725259492E-01
                       7.4782410088E-01  7.4782410088E-01  2.5217589912E-01
                       2.4419374702E-01  7.5941666171E-01  2.4058333829E-01
                       2.5747744380E-01  7.4063460640E-01  7.4252255620E-01
                       7.4063460640E-01  2.5747744380E-01  2.5936539360E-01
                       6.3414303662E-03  6.3414303662E-03 -6.3414303662E-03
         
diemac 12.0
ecut 16
pawecutdg 40
ixc -101130
kptopt 1
ngkpt 12 12 12
prtden 1
iscf 17
nstep 2500
prtwf 0
nshiftk 1
shiftk 0 0 0
nband 42
toldfe 1.0d-8
ecutsm 0.5
dilatmx 1.15
