ndtset 6
            acell1     1.5289296543E+01  1.5672583679E+01  1.5672583679E+01
            acell2     1.5289297057E+01  1.5672584336E+01  1.5672584336E+01
            acell3     1.5411825978E+01  1.5322716430E+01  1.5622272150E+01
            acell4     1.5622272100E+01  1.5411825992E+01  1.5322716403E+01
            acell5     1.5672597361E+01  1.5672597361E+01  1.5289442067E+01
            acell6     1.5322716396E+01  1.5411825964E+01  1.5622272120E+01
            rprim1     1.7838968649E-02  7.0699426136E-01  7.0699426136E-01
                       7.0710678119E-01  0.0000000000E+00  7.0710678119E-01
                       7.0710678119E-01  7.0710678119E-01  0.0000000000E+00
            rprim2     1.7838974781E-02  7.0699426128E-01  7.0699426128E-01
                       7.0710678119E-01  0.0000000000E+00  7.0710678119E-01
                       7.0710678119E-01  7.0710678119E-01  0.0000000000E+00
            rprim3     0.0000000000E+00  7.2077268023E-01  6.9317151083E-01
                       7.1687408017E-01  0.0000000000E+00  6.9720266292E-01
                       7.0312808156E-01  7.1106321865E-01  0.0000000000E+00
            rprim4     0.0000000000E+00  7.0312807973E-01  7.1106322046E-01
                       6.9317151204E-01  0.0000000000E+00  7.2077267907E-01
                       6.9720266596E-01  7.1687407721E-01  0.0000000000E+00
            rprim5     0.0000000000E+00  7.0710678119E-01  7.0710678119E-01
                       7.0710678119E-01  0.0000000000E+00  7.0710678119E-01
                       7.0699434141E-01  7.0699434141E-01  1.7832622445E-02
            rprim6     0.0000000000E+00  7.1687407949E-01  6.9720266362E-01
                       7.2077268036E-01  0.0000000000E+00  6.9317151070E-01
                       7.1106321948E-01  7.0312808072E-01  0.0000000000E+00
natom    9  
ntypat   4  
  
            typat1 1 1 4 2 4 2 4 2 3
            typat2 1 1 2 4 2 4 2 4 3
            typat3 1 1 4 4 2 4 2 2 3
            typat4 1 1 4 2 4 2 2 4 3
            typat5 1 1 4 2 4 4 2 2 3
            typat6 1 1 4 4 2 2 2 4 3  

      
znucl    55 53 40 17
             xred1     2.5193949807E-01  2.4935350064E-01  2.4935350064E-01
                       7.5554839569E-01  7.4815053477E-01  7.4815053477E-01
                       2.3257244265E-01  2.0731504580E-01  7.8005625578E-01
                       7.5643957176E-01  7.5568165183E-01  2.4393938820E-01
                       2.3257244265E-01  7.8005625578E-01  7.8005625578E-01
                       7.5643957176E-01  2.4393938820E-01  7.5568165183E-01
                       2.3257244265E-01  7.8005625578E-01  2.0731504580E-01
                       7.5643957176E-01  2.4393938820E-01  2.4393938820E-01
                       2.5476063035E-02 -8.4920210118E-03 -8.4920210118E-03
             xred2     2.4445154378E-01  2.5184948541E-01  2.5184948541E-01
                       7.4806048230E-01  7.5064650590E-01  7.5064650590E-01
                       2.4356044414E-01  2.4431833124E-01  7.5606061231E-01
                       7.6742756164E-01  7.9268498302E-01  2.1994372767E-01
                       2.4356044414E-01  7.5606061231E-01  7.5606061231E-01
                       7.6742756164E-01  2.1994372767E-01  7.9268498302E-01
                       2.4356044414E-01  7.5606061231E-01  2.4431833124E-01
                       7.6742756164E-01  2.1994372767E-01  2.1994372767E-01
                      -2.5476043396E-02  8.4920144653E-03  8.4920144653E-03
             xred3     2.4931221725E-01  2.5068778275E-01  2.4931221725E-01
                       7.4931221725E-01  7.5068778275E-01  7.4931221725E-01
                       2.1212332009E-01  2.2262467089E-01  7.7737532911E-01
                       7.7737532911E-01  7.8787667991E-01  2.1212332009E-01
                       2.4922850655E-01  7.5077149345E-01  7.4883813820E-01
                       7.8215452645E-01  2.1784547355E-01  7.8215452645E-01
                       2.4045389127E-01  7.5954610873E-01  2.4045389127E-01
                       7.4883813820E-01  2.5116186180E-01  2.4922850655E-01
                      -8.7981461518E-03  8.7981461518E-03 -8.7981461518E-03
             xred4     2.5068778162E-01  2.5068778162E-01  2.4931221838E-01
                       7.5068778162E-01  7.5068778162E-01  7.4931221838E-01
                       2.1784547435E-01  2.1784547435E-01  7.8215452565E-01
                       7.5954610890E-01  7.5954610890E-01  2.4045389110E-01
                       2.2262467054E-01  7.8787668039E-01  7.7737532946E-01
                       7.5077149247E-01  2.5116186357E-01  7.4883813643E-01
                       2.5116186357E-01  7.5077149247E-01  2.4922850753E-01
                       7.8787668039E-01  2.2262467054E-01  2.1212331961E-01
                       8.7981465479E-03  8.7981465479E-03 -8.7981465479E-03
             xred5     2.5182222635E-01  2.5182222635E-01  2.4453332094E-01
                       7.5065192725E-01  7.5065192725E-01  7.4804421825E-01
                       2.1994514430E-01  2.1994514430E-01  7.6741866029E-01
                       7.5606452044E-01  7.5606452044E-01  2.4354982834E-01
                       2.1994514430E-01  7.9269105111E-01  7.6741866029E-01
                       7.9269105111E-01  2.1994514430E-01  7.6741866029E-01
                       2.4432113077E-01  7.5606452044E-01  2.4354982834E-01
                       7.5606452044E-01  2.4432113077E-01  2.4354982834E-01
                       8.4943350286E-03  8.4943350286E-03 -2.5483005086E-02
             xred6     2.4931221669E-01  2.5068778331E-01  2.5068778331E-01
                       7.4931221669E-01  7.5068778331E-01  7.5068778331E-01
                       2.1212332095E-01  2.2262467124E-01  7.8787667905E-01
                       7.7737532876E-01  7.8787667905E-01  2.2262467124E-01
                       2.4045389228E-01  7.5954610772E-01  7.5954610772E-01
                       7.4883813731E-01  2.5116186269E-01  7.5077149307E-01
                       2.4922850693E-01  7.5077149307E-01  2.5116186269E-01
                       7.8215452606E-01  2.1784547394E-01  2.1784547394E-01
                      -8.7981456746E-03  8.7981456746E-03  8.7981456746E-03
         
diemac 12.0
ecut 16
pawecutdg 40
ixc -101130
kptopt 1
ngkpt 4 4 4
prtden 1
iscf 17
nstep 2500
prtwf 0
nshiftk 4
shiftk  0.5 0.5 0.5
        0.5 0.0 0.0
        0.0 0.5 0.0
        0.0 0.0 0.5
nband 42

toldff 1.0d-8
tolmxf 1.0d-5
ionmov 2
optcell 2
ecutsm 0.5
dilatmx 1.15
