ndtset 13
            acell1     1.4156247594E+01  1.4156247594E+01  1.4156118734E+01
            acell2     1.4141892478E+01  1.4141892478E+01  1.4142317868E+01
            acell3     1.4127981107E+01  1.4127981107E+01  1.4127629475E+01
            acell4     1.4113849096E+01  1.4113849096E+01  1.4113382387E+01
            acell5     1.4100668817E+01  1.4100668817E+01  1.4097233736E+01
            acell6     1.4087172177E+01  1.4087172177E+01  1.4081718863E+01
            acell7     1.4072034807E+01  1.4072034807E+01  1.4069478637E+01
            acell8     1.4065270134E+01  1.4065270134E+01  1.4061753389E+01
            acell9     1.4058635217E+01  1.4058635217E+01  1.4053769537E+01
            acell10    1.4051855891E+01  1.4051855891E+01  1.4046074248E+01
            acell11    1.4044649031E+01  1.4044649031E+01  1.4039231731E+01
            acell12    1.4037830533E+01  1.4037830533E+01  1.4031614709E+01
            acell13    1.4030951068E+01  1.4030951068E+01  1.4024119415E+01

            rprim1     0.0000000000E+00  7.0710034456E-01  7.0711321776E-01
                       7.0710034456E-01  0.0000000000E+00  7.0711321776E-01
                       7.0710678119E-01  7.0710678119E-01  0.0000000000E+00
            rprim2     0.0000000000E+00  7.0712805103E-01  7.0708551071E-01
                       7.0712805103E-01  0.0000000000E+00  7.0708551071E-01
                       7.0710678119E-01  7.0710678119E-01  0.0000000000E+00
            rprim3     0.0000000000E+00  7.0708918193E-01  7.0712438001E-01
                       7.0708918193E-01  0.0000000000E+00  7.0712438001E-01
                       7.0710678119E-01  7.0710678119E-01  0.0000000000E+00
            rprim4     0.0000000000E+00  7.0708339893E-01  7.0713016267E-01
                       7.0708339893E-01  0.0000000000E+00  7.0713016267E-01
                       7.0710678119E-01  7.0710678119E-01  0.0000000000E+00
            rprim5     0.0000000000E+00  7.0693452199E-01  7.0727899843E-01
                       7.0693452199E-01  0.0000000000E+00  7.0727899843E-01
                       7.0710678119E-01  7.0710678119E-01  0.0000000000E+00
            rprim6     0.0000000000E+00  7.0683305156E-01  7.0738040489E-01
                       7.0683305156E-01  0.0000000000E+00  7.0738040489E-01
                       7.0710678119E-01  7.0710678119E-01  0.0000000000E+00
            rprim7     0.0000000000E+00  7.0697833596E-01  7.0723520308E-01
                       7.0697833596E-01  0.0000000000E+00  7.0723520308E-01
                       7.0710678119E-01  7.0710678119E-01  0.0000000000E+00
            rprim8     0.0000000000E+00  7.0692998296E-01  7.0728353522E-01
                       7.0692998296E-01  0.0000000000E+00  7.0728353522E-01
                       7.0710678119E-01  7.0710678119E-01  0.0000000000E+00
            rprim9     0.0000000000E+00  7.0686205221E-01  7.0735142549E-01
                       7.0686205221E-01  0.0000000000E+00  7.0735142549E-01
                       7.0710678119E-01  7.0710678119E-01  0.0000000000E+00
            rprim10    0.0000000000E+00  7.0681584175E-01  7.0739760096E-01
                       7.0681584175E-01  0.0000000000E+00  7.0739760096E-01
                       7.0710678119E-01  7.0710678119E-01  0.0000000000E+00
            rprim11    0.0000000000E+00  7.0683403605E-01  7.0737942116E-01
                       7.0683403605E-01  0.0000000000E+00  7.0737942116E-01
                       7.0710678119E-01  7.0710678119E-01  0.0000000000E+00
            rprim12    0.0000000000E+00  7.0679368072E-01  7.0741974308E-01
                       7.0679368072E-01  0.0000000000E+00  7.0741974308E-01
                       7.0710678119E-01  7.0710678119E-01  0.0000000000E+00
            rprim13    0.0000000000E+00  7.0676249171E-01  7.0745090311E-01
                       7.0676249171E-01  0.0000000000E+00  7.0745090311E-01
                       7.0710678119E-01  7.0710678119E-01  0.0000000000E+00
natom    9  
ntypat   4  
    
            typat    1 1 4 2 4 4 4 4 3  

       
znucl    55 53 40 35 
             xred1     2.5203510860E-01  2.5203510860E-01  2.4796489140E-01
                       7.5203510860E-01  7.5203510860E-01  7.4796489140E-01
                       2.5276467033E-01  2.5276467033E-01  7.4723532967E-01
                       7.3751840098E-01  7.3751840098E-01  2.6248159902E-01
                       2.4665605449E-01  7.5309625326E-01  7.5334394551E-01
                       7.5309625326E-01  2.4665605449E-01  7.5334394551E-01
                       2.4665605449E-01  7.5309625326E-01  2.4690374674E-01
                       7.5309625326E-01  2.4665605449E-01  2.4690374674E-01
                       6.1420960096E-03  6.1420960096E-03 -6.1420960096E-03
             xred2     2.5205896392E-01  2.5205896392E-01  2.4794103608E-01
                       7.5205896392E-01  7.5205896392E-01  7.4794103608E-01
                       2.5300038274E-01  2.5300038274E-01  7.4699961726E-01
                       7.3736733927E-01  7.3736733927E-01  2.6263266073E-01
                       2.4678702149E-01  7.5288609799E-01  7.5321297851E-01
                       7.5288609799E-01  2.4678702149E-01  7.5321297851E-01
                       2.4678702149E-01  7.5288609799E-01  2.4711390201E-01
                       7.5288609799E-01  2.4678702149E-01  2.4711390201E-01
                       6.1681111808E-03  6.1681111808E-03 -6.1681111808E-03
             xred3     2.5202445411E-01  2.5202445411E-01  2.4797554589E-01
                       7.5202445411E-01  7.5202445411E-01  7.4797554589E-01
                       2.5318889084E-01  2.5318889084E-01  7.4681110916E-01
                       7.3726601094E-01  7.3726601094E-01  2.6273398906E-01
                       2.4696784524E-01  7.5268484020E-01  7.5303215476E-01
                       7.5268484020E-01  2.4696784524E-01  7.5303215476E-01
                       2.4696784524E-01  7.5268484020E-01  2.4731515980E-01
                       7.5268484020E-01  2.4696784524E-01  2.4731515980E-01
                       6.1908191192E-03  6.1908191192E-03 -6.1908191192E-03
             xred4     2.5201169712E-01  2.5201169712E-01  2.4798830288E-01
                       7.5201169712E-01  7.5201169712E-01  7.4798830288E-01
                       2.5340495508E-01  2.5340495508E-01  7.4659504492E-01
                       7.3715028872E-01  7.3715028872E-01  2.6284971128E-01
                       2.4712611910E-01  7.5247395184E-01  7.5287388090E-01
                       7.5247395184E-01  2.4712611910E-01  7.5287388090E-01
                       2.4712611910E-01  7.5247395184E-01  2.4752604816E-01
                       7.5247395184E-01  2.4712611910E-01  2.4752604816E-01
                       6.2212200878E-03  6.2212200878E-03 -6.2212200878E-03
             xred5     2.5195531080E-01  2.5195531080E-01  2.4804468920E-01
                       7.5195531080E-01  7.5195531080E-01  7.4804468920E-01
                       2.5354990589E-01  2.5354990589E-01  7.4645009411E-01
                       7.3710906397E-01  7.3710906397E-01  2.6289093603E-01
                       2.4734012583E-01  7.5224652359E-01  7.5265987417E-01
                       7.5224652359E-01  2.4734012583E-01  7.5265987417E-01
                       2.4734012583E-01  7.5224652359E-01  2.4775347641E-01
                       7.5224652359E-01  2.4734012583E-01  2.4775347641E-01
                       6.2571097146E-03  6.2571097146E-03 -6.2571097146E-03
             xred6     2.5191809955E-01  2.5191809955E-01  2.4808190045E-01
                       7.5191809955E-01  7.5191809955E-01  7.4808190045E-01
                       2.5372306494E-01  2.5372306494E-01  7.4627693506E-01
                       7.3703281275E-01  7.3703281275E-01  2.6296718725E-01
                       2.4754007157E-01  7.5202239818E-01  7.5245992843E-01
                       7.5202239818E-01  2.4754007157E-01  7.5245992843E-01
                       2.4754007157E-01  7.5202239818E-01  2.4797760182E-01
                       7.5202239818E-01  2.4754007157E-01  2.4797760182E-01
                       6.2829837047E-03  6.2829837047E-03 -6.2829837047E-03
             xred7     2.5194640267E-01  2.5194640267E-01  2.4805359733E-01
                       7.5194640267E-01  7.5194640267E-01  7.4805359733E-01
                       2.5402758061E-01  2.5402758061E-01  7.4597241939E-01
                       7.3685403532E-01  7.3685403532E-01  2.6314596468E-01
                       2.4763494937E-01  7.5181563325E-01  7.5236505063E-01
                       7.5181563325E-01  2.4763494937E-01  7.5236505063E-01
                       2.4763494937E-01  7.5181563325E-01  2.4818436675E-01
                       7.5181563325E-01  2.4763494937E-01  2.4818436675E-01
                       6.3244134863E-03  6.3244134863E-03 -6.3244134863E-03
             xred8     2.5192370117E-01  2.5192370117E-01  2.4807629883E-01
                       7.5192370117E-01  7.5192370117E-01  7.4807629883E-01
                       2.5412153403E-01  2.5412153403E-01  7.4587846597E-01
                       7.3682825011E-01  7.3682825011E-01  2.6317174989E-01
                       2.4772562468E-01  7.5169945982E-01  7.5227437532E-01
                       7.5169945982E-01  2.4772562468E-01  7.5227437532E-01
                       2.4772562468E-01  7.5169945982E-01  2.4830054018E-01
                       7.5169945982E-01  2.4772562468E-01  2.4830054018E-01
                       6.3526445099E-03  6.3526445099E-03 -6.3526445099E-03
             xred9     2.5194015045E-01  2.5194015045E-01  2.4805984955E-01
                       7.5194015045E-01  7.5194015045E-01  7.4805984955E-01
                       2.5418419484E-01  2.5418419484E-01  7.4581580516E-01
                       7.3677904712E-01  7.3677904712E-01  2.6322095288E-01
                       2.4781824214E-01  7.5158755050E-01  7.5218175786E-01
                       7.5158755050E-01  2.4781824214E-01  7.5218175786E-01
                       2.4781824214E-01  7.5158755050E-01  2.4841244950E-01
                       7.5158755050E-01  2.4781824214E-01  2.4841244950E-01
                       6.3448718677E-03  6.3448718677E-03 -6.3448718677E-03
             xred10    2.5193912634E-01  2.5193912634E-01  2.4806087366E-01
                       7.5193912634E-01  7.5193912634E-01  7.4806087366E-01
                       2.5424727514E-01  2.5424727514E-01  7.4575272486E-01
                       7.3674173910E-01  7.3674173910E-01  2.6325826090E-01
                       2.4791390173E-01  7.5147669296E-01  7.5208609827E-01
                       7.5147669296E-01  2.4791390173E-01  7.5208609827E-01
                       2.4791390173E-01  7.5147669296E-01  2.4852330704E-01
                       7.5147669296E-01  2.4791390173E-01  2.4852330704E-01
                       6.3515436937E-03  6.3515436937E-03 -6.3515436937E-03
             xred11    2.5193569001E-01  2.5193569001E-01  2.4806430999E-01
                       7.5193569001E-01  7.5193569001E-01  7.4806430999E-01
                       2.5437288183E-01  2.5437288183E-01  7.4562711817E-01
                       7.3667159416E-01  7.3667159416E-01  2.6332840584E-01
                       2.4798124284E-01  7.5137484697E-01  7.5201875716E-01
                       7.5137484697E-01  2.4798124284E-01  7.5201875716E-01
                       2.4798124284E-01  7.5137484697E-01  2.4862515303E-01
                       7.5137484697E-01  2.4798124284E-01  2.4862515303E-01
                       6.3719643612E-03  6.3719643612E-03 -6.3719643612E-03
             xred12    2.5191947838E-01  2.5191947838E-01  2.4808052162E-01
                       7.5191947838E-01  7.5191947838E-01  7.4808052162E-01
                       2.5446681767E-01  2.5446681767E-01  7.4553318233E-01
                       7.3663483221E-01  7.3663483221E-01  2.6336516779E-01
                       2.4807275964E-01  7.5126272485E-01  7.5192724036E-01
                       7.5126272485E-01  2.4807275964E-01  7.5192724036E-01
                       2.4807275964E-01  7.5126272485E-01  2.4873727515E-01
                       7.5126272485E-01  2.4807275964E-01  2.4873727515E-01
                       6.3884244018E-03  6.3884244018E-03 -6.3884244018E-03
             xred13    2.5189496018E-01  2.5189496018E-01  2.4810503982E-01
                       7.5189496018E-01  7.5189496018E-01  7.4810503982E-01
                       2.5456316269E-01  2.5456316269E-01  7.4543683731E-01
                       7.3659498508E-01  7.3659498508E-01  2.6340501492E-01
                       2.4816306309E-01  7.5115916243E-01  7.5183693691E-01
                       7.5115916243E-01  2.4816306309E-01  7.5183693691E-01
                       2.4816306309E-01  7.5115916243E-01  2.4884083757E-01
                       7.5115916243E-01  2.4816306309E-01  2.4884083757E-01
                       6.4074808255E-03  6.4074808255E-03 -6.4074808255E-03
         
diemac 12.0
ecut 16
pawecutdg 40
ixc -101130
kptopt 1
ngkpt 12 12 12
prtden 1
iscf 17
nstep 2500
prtwf 0
nshiftk 1
shiftk 0 0 0
nband 42
toldfe 1.0d-8
