ndtset 10
            acell1     1.4900887330E+01  1.5045529276E+01  1.4900887330E+01 Bohr
            acell2     1.4885954599E+01  1.5030504996E+01  1.4885954599E+01 Bohr
            acell3     1.4870684189E+01  1.5016205252E+01  1.4870684189E+01 Bohr
            acell4     1.4855053973E+01  1.5002678802E+01  1.4855053973E+01 Bohr
            acell5     1.4839927689E+01  1.4988070535E+01  1.4839927689E+01 Bohr
            acell6     1.4824941959E+01  1.4973160254E+01  1.4824941959E+01 Bohr
            acell7     1.4809879038E+01  1.4958415949E+01  1.4809879038E+01 Bohr
            acell8     1.4794733672E+01  1.4943849036E+01  1.4794733672E+01 Bohr
            acell9     1.4779621832E+01  1.4929210171E+01  1.4779621832E+01 Bohr
            acell10    1.4764225413E+01  1.4915184063E+01  1.4764225413E+01 Bohr

            rprim1     0.0000000000E+00  7.0017565844E-01  7.1397062077E-01
                       7.0710678119E-01  0.0000000000E+00  7.0710678119E-01
                       7.1397062077E-01  7.0017565844E-01  0.0000000000E+00
            rprim2     0.0000000000E+00  7.0017307178E-01  7.1397315745E-01
                       7.0710678119E-01  0.0000000000E+00  7.0710678119E-01
                       7.1397315745E-01  7.0017307178E-01  0.0000000000E+00
            rprim3     0.0000000000E+00  7.0011881250E-01  7.1402636393E-01
                       7.0710678119E-01  0.0000000000E+00  7.0710678119E-01
                       7.1402636393E-01  7.0011881250E-01  0.0000000000E+00
            rprim4     0.0000000000E+00  7.0000924098E-01  7.1413378476E-01
                       7.0710678119E-01  0.0000000000E+00  7.0710678119E-01
                       7.1413378476E-01  7.0000924098E-01  0.0000000000E+00
            rprim5     0.0000000000E+00  6.9997675137E-01  7.1416563033E-01
                       7.0710678119E-01  0.0000000000E+00  7.0710678119E-01
                       7.1416563033E-01  6.9997675137E-01  0.0000000000E+00
            rprim6     0.0000000000E+00  6.9996579955E-01  7.1417636440E-01
                       7.0710678119E-01  0.0000000000E+00  7.0710678119E-01
                       7.1417636440E-01  6.9996579955E-01  0.0000000000E+00
            rprim7     0.0000000000E+00  6.9994294106E-01  7.1419876733E-01
                       7.0710678119E-01  0.0000000000E+00  7.0710678119E-01
                       7.1419876733E-01  6.9994294106E-01  0.0000000000E+00
            rprim8     0.0000000000E+00  6.9990732141E-01  7.1423367425E-01
                       7.0710678119E-01  0.0000000000E+00  7.0710678119E-01
                       7.1423367425E-01  6.9990732141E-01  0.0000000000E+00
            rprim9     0.0000000000E+00  6.9987679196E-01  7.1426359005E-01
                       7.0710678119E-01  0.0000000000E+00  7.0710678119E-01
                       7.1426359005E-01  6.9987679196E-01  0.0000000000E+00
            rprim10    0.0000000000E+00  6.9980218976E-01  7.1433668197E-01
                       7.0710678119E-01  0.0000000000E+00  7.0710678119E-01
                       7.1433668197E-01  6.9980218976E-01  0.0000000000E+00

natom    9  
ntypat   4  

typat 1 1 4 2 2 2 2 2 3 
      
znucl    55 53 72 35
             xred1     2.4899590027E-01  2.5100409973E-01  2.4899590027E-01
                       7.4899590027E-01  7.5100409973E-01  7.4899590027E-01
                       7.5971818627E-01  2.4028181373E-01  7.5971818627E-01
                       2.5112818203E-01  2.5197969079E-01  7.4802030921E-01
                       7.4802030921E-01  7.4887181797E-01  2.5112818203E-01
                       2.5022211609E-01  7.4977788391E-01  2.5022211609E-01
                       2.5112818203E-01  7.4887181797E-01  7.4802030921E-01
                       7.4802030921E-01  2.5197969079E-01  2.5112818203E-01
                      -6.2258853891E-03  6.2258853891E-03 -6.2258853891E-03
             xred2     2.4902118660E-01  2.5097881340E-01  2.4902118660E-01
                       7.4902118660E-01  7.5097881340E-01  7.4902118660E-01
                       7.5947589849E-01  2.4052410151E-01  7.5947589849E-01
                       2.5132357236E-01  2.5212326809E-01  7.4787673191E-01
                       7.4787673191E-01  7.4867642764E-01  2.5132357236E-01
                       2.5035466955E-01  7.4964533045E-01  2.5035466955E-01
                       2.5132357236E-01  7.4867642764E-01  7.4787673191E-01
                       7.4787673191E-01  2.5212326809E-01  2.5132357236E-01
                      -6.2703498195E-03  6.2703498195E-03 -6.2703498195E-03
             xred3     2.4910346808E-01  2.5089653192E-01  2.4910346808E-01
                       7.4910346808E-01  7.5089653192E-01  7.4910346808E-01
                       7.5917081169E-01  2.4082918831E-01  7.5917081169E-01
                       2.5150063063E-01  2.5225226493E-01  7.4774773507E-01
                       7.4774773507E-01  7.4849936937E-01  2.5150063063E-01
                       2.5048802495E-01  7.4951197505E-01  2.5048802495E-01
                       2.5150063063E-01  7.4849936937E-01  7.4774773507E-01
                       7.4774773507E-01  2.5225226493E-01  2.5150063063E-01
                      -6.3593042191E-03  6.3593042191E-03 -6.3593042191E-03
             xred4     2.4910634068E-01  2.5089365932E-01  2.4910634068E-01
                       7.4910634068E-01  7.5089365932E-01  7.4910634068E-01
                       7.5890801716E-01  2.4109198284E-01  7.5890801716E-01
                       2.5167093501E-01  2.5237693443E-01  7.4762306557E-01
                       7.4762306557E-01  7.4832906499E-01  2.5167093501E-01
                       2.5067382619E-01  7.4932617381E-01  2.5067382619E-01
                       2.5167093501E-01  7.4832906499E-01  7.4762306557E-01
                       7.4762306557E-01  2.5237693443E-01  2.5167093501E-01
                      -6.3793259011E-03  6.3793259011E-03 -6.3793259011E-03
             xred5     2.4912143702E-01  2.5087856298E-01  2.4912143702E-01
                       7.4912143702E-01  7.5087856298E-01  7.4912143702E-01
                       7.5865689468E-01  2.4134310532E-01  7.5865689468E-01
                       2.5185771210E-01  2.5251106382E-01  7.4748893618E-01
                       7.4748893618E-01  7.4814228790E-01  2.5185771210E-01
                       2.5082542363E-01  7.4917457637E-01  2.5082542363E-01
                       2.5185771210E-01  7.4814228790E-01  7.4748893618E-01
                       7.4748893618E-01  2.5251106382E-01  2.5185771210E-01
                      -6.4152889305E-03  6.4152889305E-03 -6.4152889305E-03
             xred6     2.4910414494E-01  2.5089585506E-01  2.4910414494E-01
                       7.4910414494E-01  7.5089585506E-01  7.4910414494E-01
                       7.5843437331E-01  2.4156562669E-01  7.5843437331E-01
                       2.5205106050E-01  2.5264338248E-01  7.4735661752E-01
                       7.4735661752E-01  7.4794893950E-01  2.5205106050E-01
                       2.5098011248E-01  7.4901988752E-01  2.5098011248E-01
                       2.5205106050E-01  7.4794893950E-01  7.4735661752E-01
                       7.4735661752E-01  2.5264338248E-01  2.5205106050E-01
                      -6.4349317320E-03  6.4349317320E-03 -6.4349317320E-03
             xred7     2.4915516615E-01  2.5084483385E-01  2.4915516615E-01
                       7.4915516615E-01  7.5084483385E-01  7.4915516615E-01
                       7.5816678647E-01  2.4183321353E-01  7.5816678647E-01
                       2.5223805129E-01  2.5277759473E-01  7.4722240527E-01
                       7.4722240527E-01  7.4776194871E-01  2.5223805129E-01
                       2.5110564453E-01  7.4889435547E-01  2.5110564453E-01
                       2.5223805129E-01  7.4776194871E-01  7.4722240527E-01
                       7.4722240527E-01  2.5277759473E-01  2.5223805129E-01
                      -6.5004764407E-03  6.5004764407E-03 -6.5004764407E-03
             xred8     2.4914904932E-01  2.5085095068E-01  2.4914904932E-01
                       7.4914904932E-01  7.5085095068E-01  7.4914904932E-01
                       7.5792531530E-01  2.4207468470E-01  7.5792531530E-01
                       2.5242646006E-01  2.5290362747E-01  7.4709637253E-01
                       7.4709637253E-01  7.4757353994E-01  2.5242646006E-01
                       2.5126672348E-01  7.4873327652E-01  2.5126672348E-01
                       2.5242646006E-01  7.4757353994E-01  7.4709637253E-01
                       7.4709637253E-01  2.5290362747E-01  2.5242646006E-01
                      -6.5326026246E-03  6.5326026246E-03 -6.5326026246E-03
             xred9     2.4922614890E-01  2.5077385110E-01  2.4922614890E-01
                       7.4922614890E-01  7.5077385110E-01  7.4922614890E-01
                       7.5763286846E-01  2.4236713154E-01  7.5763286846E-01
                       2.5260784610E-01  2.5303714904E-01  7.4696285096E-01
                       7.4696285096E-01  7.4739215390E-01  2.5260784610E-01
                       2.5138614742E-01  7.4861385258E-01  2.5138614742E-01
                       2.5260784610E-01  7.4739215390E-01  7.4696285096E-01
                       7.4696285096E-01  2.5303714904E-01  2.5260784610E-01
                      -6.6095078187E-03  6.6095078187E-03 -6.6095078187E-03
             xred10    2.4921750776E-01  2.5078249224E-01  2.4921750776E-01
                       7.4921750776E-01  7.5078249224E-01  7.4921750776E-01
                       7.5737047087E-01  2.4262952913E-01  7.5737047087E-01
                       2.5278895847E-01  2.5315174383E-01  7.4684825617E-01
                       7.4684825617E-01  7.4721104153E-01  2.5278895847E-01
                       2.5156035196E-01  7.4843964804E-01  2.5156035196E-01
                       2.5278895847E-01  7.4721104153E-01  7.4684825617E-01
                       7.4684825617E-01  2.5315174383E-01  2.5278895847E-01
                      -6.6370676512E-03  6.6370676512E-03 -6.6370676512E-03
getxred1 0
getxred -1

diemac 12.0
ecut 16
pawecutdg 40
ixc -101130
kptopt 1
ngkpt 4 4 4
prtden 1
iscf 17
nstep 2500
prtwf 0
nshiftk 4
shiftk  0.5 0.5 0.5
        0.5 0.0 0.0
        0.0 0.5 0.0
        0.0 0.0 0.5
nband 42

toldff 1.0d-8
tolmxf 1.0d-5
ionmov 2
optcell 3
ecutsm 0.5
dilatmx 1.15
