ndtset 10
            acell1     1.5678957360E+01  1.5678957360E+01  1.5865928970E+01
            acell2     1.5520159575E+01  1.5520159575E+01  1.5706593077E+01
            acell3     1.5360893941E+01  1.5360893941E+01  1.5548279831E+01
            acell4     1.5200437945E+01  1.5200437945E+01  1.5392576946E+01
            acell5     1.5038304242E+01  1.5038304242E+01  1.5240585986E+01
            acell6     1.4875419679E+01  1.4875419679E+01  1.5090315988E+01
            acell7     1.4712989595E+01  1.4712989595E+01  1.4939107722E+01
            acell8     1.4550050907E+01  1.4550050907E+01  1.4789115091E+01
            acell9     1.4386116225E+01  1.4386116225E+01  1.4641482096E+01
            acell10    1.4224277549E+01  1.4224277549E+01  1.4489166822E+01

            rprim1     0.0000000000E+00  7.1553903149E-01  6.9857275528E-01
                       7.1553903149E-01  0.0000000000E+00  6.9857275528E-01
                       7.0710678119E-01  7.0710678119E-01  0.0000000000E+00
            rprim2     0.0000000000E+00  7.1560079137E-01  6.9850948983E-01
                       7.1560079137E-01  0.0000000000E+00  6.9850948983E-01
                       7.0710678119E-01  7.0710678119E-01  0.0000000000E+00
            rprim3     0.0000000000E+00  7.1573270059E-01  6.9837432750E-01
                       7.1573270059E-01  0.0000000000E+00  6.9837432750E-01
                       7.0710678119E-01  7.0710678119E-01  0.0000000000E+00
            rprim4     0.0000000000E+00  7.1604486513E-01  6.9805426087E-01
                       7.1604486513E-01  0.0000000000E+00  6.9805426087E-01
                       7.0710678119E-01  7.0710678119E-01  0.0000000000E+00
            rprim5     0.0000000000E+00  7.1661814565E-01  6.9746572197E-01
                       7.1661814565E-01  0.0000000000E+00  6.9746572197E-01
                       7.0710678119E-01  7.0710678119E-01  0.0000000000E+00
            rprim6     0.0000000000E+00  7.1732193080E-01  6.9674188018E-01
                       7.1732193080E-01  0.0000000000E+00  6.9674188018E-01
                       7.0710678119E-01  7.0710678119E-01  0.0000000000E+00
            rprim7     0.0000000000E+00  7.1797402604E-01  6.9606989443E-01
                       7.1797402604E-01  0.0000000000E+00  6.9606989443E-01
                       7.0710678119E-01  7.0710678119E-01  0.0000000000E+00
            rprim8     0.0000000000E+00  7.1872487836E-01  6.9529457730E-01
                       7.1872487836E-01  0.0000000000E+00  6.9529457730E-01
                       7.0710678119E-01  7.0710678119E-01  0.0000000000E+00
            rprim9     0.0000000000E+00  7.1965853150E-01  6.9432816307E-01
                       7.1965853150E-01  0.0000000000E+00  6.9432816307E-01
                       7.0710678119E-01  7.0710678119E-01  0.0000000000E+00
            rprim10    0.0000000000E+00  7.2027476112E-01  6.9368888451E-01
                       7.2027476112E-01  0.0000000000E+00  6.9368888451E-01
                       7.0710678119E-01  7.0710678119E-01  0.0000000000E+00
natom    9  
ntypat   4  
  
            typat    1 1 4 2 2 2 2 2 3


znucl    55 53 40 17
             xred1     2.5292848887E-01  2.5292848887E-01  2.4707151113E-01
                       7.5292848887E-01  7.5292848887E-01  7.4707151113E-01
                       2.1779968012E-01  2.1779968012E-01  7.8220031988E-01
                       7.5807621145E-01  7.5807621145E-01  2.4192378855E-01
                       2.4600595763E-01  7.5936800932E-01  7.5399404237E-01
                       7.5936800932E-01  2.4600595763E-01  7.5399404237E-01
                       2.4600595763E-01  7.5936800932E-01  2.4063199068E-01
                       7.5936800932E-01  2.4600595763E-01  2.4063199068E-01
                       7.5191967851E-03  7.5191967851E-03 -7.5191967851E-03
             xred2     2.5283867242E-01  2.5283867242E-01  2.4716132758E-01
                       7.5283867242E-01  7.5283867242E-01  7.4716132758E-01
                       2.2040564260E-01  2.2040564260E-01  7.7959435740E-01
                       7.5631276948E-01  7.5631276948E-01  2.4368723052E-01
                       2.4777839197E-01  7.5707936371E-01  7.5222160803E-01
                       7.5707936371E-01  2.4777839197E-01  7.5222160803E-01
                       2.4777839197E-01  7.5707936371E-01  2.4292063629E-01
                       7.5707936371E-01  2.4777839197E-01  2.4292063629E-01
                       7.8887316992E-03  7.8887316992E-03 -7.8887316992E-03
             xred3     2.5271360272E-01  2.5271360272E-01  2.4728639728E-01
                       7.5271360272E-01  7.5271360272E-01  7.4728639728E-01
                       2.2310503678E-01  2.2310503678E-01  7.7689496322E-01
                       7.5459786045E-01  7.5459786045E-01  2.4540213955E-01
                       2.4947105339E-01  7.5481457466E-01  7.5052894661E-01
                       7.5481457466E-01  2.4947105339E-01  7.5052894661E-01
                       2.4947105339E-01  7.5481457466E-01  2.4518542534E-01
                       7.5481457466E-01  2.4947105339E-01  2.4518542534E-01
                       8.2986411880E-03  8.2986411880E-03 -8.2986411880E-03
             xred4     2.5248421715E-01  2.5248421715E-01  2.4751578285E-01
                       7.5248421715E-01  7.5248421715E-01  7.4751578285E-01
                       2.2602105185E-01  2.2602105185E-01  7.7397894815E-01
                       7.5293514408E-01  7.5293514408E-01  2.4706485592E-01
                       2.5103850054E-01  7.5259299157E-01  7.4896149946E-01
                       7.5259299157E-01  2.5103850054E-01  7.4896149946E-01
                       2.5103850054E-01  7.5259299157E-01  2.4740700843E-01
                       7.5259299157E-01  2.5103850054E-01  2.4740700843E-01
                       8.8123855210E-03  8.8123855210E-03 -8.8123855210E-03
             xred5     2.5230905805E-01  2.5230905805E-01  2.4769094195E-01
                       7.5230905805E-01  7.5230905805E-01  7.4769094195E-01
                       2.2905762919E-01  2.2905762919E-01  7.7094237081E-01
                       7.5122988935E-01  7.5122988935E-01  2.4877011065E-01
                       2.5244255443E-01  7.5042961676E-01  7.4755744557E-01
                       7.5042961676E-01  2.5244255443E-01  7.4755744557E-01
                       2.5244255443E-01  7.5042961676E-01  2.4957038324E-01
                       7.5042961676E-01  2.5244255443E-01  2.4957038324E-01
                       9.3500229366E-03  9.3500229366E-03 -9.3500229366E-03
             xred6     2.5196362786E-01  2.5196362786E-01  2.4803637214E-01
                       7.5196362786E-01  7.5196362786E-01  7.4803637214E-01
                       2.3237556814E-01  2.3237556814E-01  7.6762443186E-01
                       7.4964778373E-01  7.4964778373E-01  2.5035221627E-01
                       2.5368314638E-01  7.4829851099E-01  7.4631685362E-01
                       7.4829851099E-01  2.5368314638E-01  7.4631685362E-01
                       2.5368314638E-01  7.4829851099E-01  2.5170148901E-01
                       7.4829851099E-01  2.5368314638E-01  2.5170148901E-01
                       1.0086077646E-02  1.0086077646E-02 -1.0086077646E-02
             xred7     2.5169139765E-01  2.5169139765E-01  2.4830860235E-01
                       7.5169139765E-01  7.5169139765E-01  7.4830860235E-01
                       2.3563847446E-01  2.3563847446E-01  7.6436152554E-01
                       7.4813943471E-01  7.4813943471E-01  2.5186056529E-01
                       2.5481895035E-01  7.4619473421E-01  7.4518104965E-01
                       7.4619473421E-01  2.5481895035E-01  7.4518104965E-01
                       2.5481895035E-01  7.4619473421E-01  2.5380526579E-01
                       7.4619473421E-01  2.5481895035E-01  2.5380526579E-01
                       1.0811926386E-02  1.0811926386E-02 -1.0811926386E-02
             xred8     2.5132255377E-01  2.5132255377E-01  2.4867744623E-01
                       7.5132255377E-01  7.5132255377E-01  7.4867744623E-01
                       2.3904528353E-01  2.3904528353E-01  7.6095471647E-01
                       7.4673275727E-01  7.4673275727E-01  2.5326724273E-01
                       2.5581346176E-01  7.4413991560E-01  7.4418653824E-01
                       7.4413991560E-01  2.5581346176E-01  7.4418653824E-01
                       2.5581346176E-01  7.4413991560E-01  2.5586008440E-01
                       7.4413991560E-01  2.5581346176E-01  2.5586008440E-01
                       1.1670096909E-02  1.1670096909E-02 -1.1670096909E-02
             xred9     2.5087909645E-01  2.5087909645E-01  2.4912090355E-01
                       7.5087909645E-01  7.5087909645E-01  7.4912090355E-01
                       2.4263987850E-01  2.4263987850E-01  7.5736012150E-01
                       7.4535557483E-01  7.4535557483E-01  2.5464442517E-01
                       2.5659652990E-01  7.4219336631E-01  7.4340347010E-01
                       7.4219336631E-01  2.5659652990E-01  7.4340347010E-01
                       2.5659652990E-01  7.4219336631E-01  2.5780663369E-01
                       7.4219336631E-01  2.5659652990E-01  2.5780663369E-01
                       1.2666561322E-02  1.2666561322E-02 -1.2666561322E-02
             xred10    2.5045451669E-01  2.5045451669E-01  2.4954548331E-01
                       7.5045451669E-01  7.5045451669E-01  7.4954548331E-01
                       2.4600064335E-01  2.4600064335E-01  7.5399935665E-01
                       7.4418408996E-01  7.4418408996E-01  2.5581591004E-01
                       2.5736063807E-01  7.4024982054E-01  7.4263936193E-01
                       7.4024982054E-01  2.5736063807E-01  7.4263936193E-01
                       2.5736063807E-01  7.4024982054E-01  2.5975017946E-01
                       7.4024982054E-01  2.5736063807E-01  2.5975017946E-01
                       1.3685316072E-02  1.3685316072E-02 -1.3685316072E-02
         
diemac 12.0
ecut 16
pawecutdg 40
ixc -101130
kptopt 1
ngkpt 12 12 12
prtden 1
iscf 17
nstep 2500
prtwf 0
nshiftk 1
shiftk 0 0 0
nband 42
toldfe 1.0d-8
