ndtset 10
            acell1     1.4272286659E+01  1.4272286659E+01  1.4272286659E+01
            acell2     1.4128122148E+01  1.4128122148E+01  1.4128122148E+01
            acell3     1.3983957636E+01  1.3983957636E+01  1.3983957636E+01
            acell4     1.3839793124E+01  1.3839793124E+01  1.3839793124E+01
            acell5     1.3695628612E+01  1.3695628612E+01  1.3695628612E+01
            acell6     1.3551464101E+01  1.3551464101E+01  1.3551464101E+01
            acell7     1.3407299589E+01  1.3407299589E+01  1.3407299589E+01
            acell8     1.3263135077E+01  1.3263135077E+01  1.3263135077E+01
            acell9     1.3118970566E+01  1.3118970566E+01  1.3118970566E+01
            acell10    1.2974806054E+01  1.2974806054E+01  1.2974806054E+01

            rprim      0.0000000000E+00  7.0710678119E-01  7.0710678119E-01
                       7.0710678119E-01  0.0000000000E+00  7.0710678119E-01
                       7.0710678119E-01  7.0710678119E-01  0.0000000000E+00
natom    9  
ntypat   3
  
typat  1 1 2 2 2 2 2 2 3 

znucl    55 17 40
             xred1     2.5000000000E-01  2.5000000000E-01  2.5000000000E-01
                       7.5000000000E-01  7.5000000000E-01  7.5000000000E-01
                       2.3261858250E-01  2.3261858250E-01  7.6738141750E-01
                       7.6738141750E-01  7.6738141750E-01  2.3261858250E-01
                       2.3261858250E-01  7.6738141750E-01  7.6738141750E-01
                       7.6738141750E-01  2.3261858250E-01  7.6738141750E-01
                       2.3261858250E-01  7.6738141750E-01  2.3261858250E-01
                       7.6738141750E-01  2.3261858250E-01  2.3261858250E-01
                       4.8201129249E-19  1.1334528926E-19 -5.4650872679E-20
             xred2     2.5000000000E-01  2.5000000000E-01  2.5000000000E-01
                       7.5000000000E-01  7.5000000000E-01  7.5000000000E-01
                       2.3478490077E-01  2.3478490077E-01  7.6521509923E-01
                       7.6521509923E-01  7.6521509923E-01  2.3478490077E-01
                       2.3478490077E-01  7.6521509923E-01  7.6521509923E-01
                       7.6521509923E-01  2.3478490077E-01  7.6521509923E-01
                       2.3478490077E-01  7.6521509923E-01  2.3478490077E-01
                       7.6521509923E-01  2.3478490077E-01  2.3478490077E-01
                       6.6143065318E-19 -8.3173758942E-20 -1.2116075839E-19
             xred3     2.5000000000E-01  2.5000000000E-01  2.5000000000E-01
                       7.5000000000E-01  7.5000000000E-01  7.5000000000E-01
                       2.3697073974E-01  2.3697073974E-01  7.6302926026E-01
                       7.6302926026E-01  7.6302926026E-01  2.3697073974E-01
                       2.3697073974E-01  7.6302926026E-01  7.6302926026E-01
                       7.6302926026E-01  2.3697073974E-01  7.6302926026E-01
                       2.3697073974E-01  7.6302926026E-01  2.3697073974E-01
                       7.6302926026E-01  2.3697073974E-01  2.3697073974E-01
                       6.5355458417E-19 -7.5390609560E-20 -1.1790464310E-19
             xred4     2.5000000000E-01  2.5000000000E-01  2.5000000000E-01
                       7.5000000000E-01  7.5000000000E-01  7.5000000000E-01
                       2.3914200567E-01  2.3914200567E-01  7.6085799433E-01
                       7.6085799433E-01  7.6085799433E-01  2.3914200567E-01
                       2.3914200567E-01  7.6085799433E-01  7.6085799433E-01
                       7.6085799433E-01  2.3914200567E-01  7.6085799433E-01
                       2.3914200567E-01  7.6085799433E-01  2.3914200567E-01
                       7.6085799433E-01  2.3914200567E-01  2.3914200567E-01
                       7.4838418687E-19 -2.5867381804E-19 -8.9435355088E-20
             xred5     2.5000000000E-01  2.5000000000E-01  2.5000000000E-01
                       7.5000000000E-01  7.5000000000E-01  7.5000000000E-01
                       2.4130879817E-01  2.4130879817E-01  7.5869120183E-01
                       7.5869120183E-01  7.5869120183E-01  2.4130879817E-01
                       2.4130879817E-01  7.5869120183E-01  7.5869120183E-01
                       7.5869120183E-01  2.4130879817E-01  7.5869120183E-01
                       2.4130879817E-01  7.5869120183E-01  2.4130879817E-01
                       7.5869120183E-01  2.4130879817E-01  2.4130879817E-01
                       5.5552191912E-19 -2.8156579530E-19  1.2139971006E-19
             xred6     2.5000000000E-01  2.5000000000E-01  2.5000000000E-01
                       7.5000000000E-01  7.5000000000E-01  7.5000000000E-01
                       2.4348407102E-01  2.4348407102E-01  7.5651592898E-01
                       7.5651592898E-01  7.5651592898E-01  2.4348407102E-01
                       2.4348407102E-01  7.5651592898E-01  7.5651592898E-01
                       7.5651592898E-01  2.4348407102E-01  7.5651592898E-01
                       2.4348407102E-01  7.5651592898E-01  2.4348407102E-01
                       7.5651592898E-01  2.4348407102E-01  2.4348407102E-01
                       6.0451861249E-19 -4.6119901866E-19  2.4182416744E-19
             xred7     2.5000000000E-01  2.5000000000E-01  2.5000000000E-01
                       7.5000000000E-01  7.5000000000E-01  7.5000000000E-01
                       2.4564718876E-01  2.4564718876E-01  7.5435281124E-01
                       7.5435281124E-01  7.5435281124E-01  2.4564718876E-01
                       2.4564718876E-01  7.5435281124E-01  7.5435281124E-01
                       7.5435281124E-01  2.4564718876E-01  7.5435281124E-01
                       2.4564718876E-01  7.5435281124E-01  2.4564718876E-01
                       7.5435281124E-01  2.4564718876E-01  2.4564718876E-01
                       6.3382804055E-19 -4.8566716513E-19  2.3486513281E-19
             xred8     2.5000000000E-01  2.5000000000E-01  2.5000000000E-01
                       7.5000000000E-01  7.5000000000E-01  7.5000000000E-01
                       2.4778097822E-01  2.4778097822E-01  7.5221902178E-01
                       7.5221902178E-01  7.5221902178E-01  2.4778097822E-01
                       2.4778097822E-01  7.5221902178E-01  7.5221902178E-01
                       7.5221902178E-01  2.4778097822E-01  7.5221902178E-01
                       2.4778097822E-01  7.5221902178E-01  2.4778097822E-01
                       7.5221902178E-01  2.4778097822E-01  2.4778097822E-01
                       6.5211680195E-19 -7.3900589615E-20 -1.1759539802E-19
             xred9     2.5000000000E-01  2.5000000000E-01  2.5000000000E-01
                       7.5000000000E-01  7.5000000000E-01  7.5000000000E-01
                       2.4987844072E-01  2.4987844072E-01  7.5012155928E-01
                       7.5012155928E-01  7.5012155928E-01  2.4987844072E-01
                       2.4987844072E-01  7.5012155928E-01  7.5012155928E-01
                       7.5012155928E-01  2.4987844072E-01  7.5012155928E-01
                       2.4987844072E-01  7.5012155928E-01  2.4987844072E-01
                       7.5012155928E-01  2.4987844072E-01  2.4987844072E-01
                       6.0096441812E-19 -1.0385687366E-21 -1.8082816878E-19
             xred10    2.5000000000E-01  2.5000000000E-01  2.5000000000E-01
                       7.5000000000E-01  7.5000000000E-01  7.5000000000E-01
                       2.5192325943E-01  2.5192325943E-01  7.4807674057E-01
                       7.4807674057E-01  7.4807674057E-01  2.5192325943E-01
                       2.5192325943E-01  7.4807674057E-01  7.4807674057E-01
                       7.4807674057E-01  2.5192325943E-01  7.4807674057E-01
                       2.5192325943E-01  7.4807674057E-01  2.5192325943E-01
                       7.4807674057E-01  2.5192325943E-01  2.5192325943E-01
                       6.5516261133E-19 -7.8625131144E-20 -1.1499842892E-19
         
diemac 12.0
ecut 16
pawecutdg 40
ixc -101130
kptopt 1
ngkpt 12 12 12
prtden 1
iscf 17
nstep 2500
prtwf 0
nshiftk 1
shiftk 0 0 0
nband 42
toldfe 1.0d-8
