ndtset 2
            acell1     1.5837124838E+01  1.5837124838E+01  1.6026639824E+01
            acell2     1.5837125060E+01  1.5837125060E+01  1.6026639989E+01
            rprim1     0.0000000000E+00  7.1556837589E-01  6.9854269693E-01
                       7.1556837589E-01  0.0000000000E+00  6.9854269693E-01
                       7.0710678119E-01  7.0710678119E-01  0.0000000000E+00
            rprim2     0.0000000000E+00  7.1556837320E-01  6.9854269968E-01
                       7.1556837320E-01  0.0000000000E+00  6.9854269968E-01
                       7.0710678119E-01  7.0710678119E-01  0.0000000000E+00
natom    9  
ntypat   4  
  
            typat1    1 1 4 2 2 2 2 2 3                        
            typat2    1 1 2 4 2 2 2 2 3


znucl    55 53 40 17
             xred1     2.5312900389E-01  2.5312900389E-01  2.4687099611E-01
                       7.5312900389E-01  7.5312900389E-01  7.4687099611E-01
                       2.1525724204E-01  2.1525724204E-01  7.8474275796E-01
                       7.5983483540E-01  7.5983483540E-01  2.4016516460E-01
                       2.4412488036E-01  7.6162114092E-01  7.5587511964E-01
                       7.6162114092E-01  2.4412488036E-01  7.5587511964E-01
                       2.4412488036E-01  7.6162114092E-01  2.3837885908E-01
                       7.6162114092E-01  2.4412488036E-01  2.3837885908E-01
                       7.1578721986E-03  7.1578721986E-03 -7.1578721986E-03
             xred2     2.4687099287E-01  2.4687099287E-01  2.5312900713E-01
                       7.4687099287E-01  7.4687099287E-01  7.5312900713E-01
                       2.4016516124E-01  2.4016516124E-01  7.5983483876E-01
                       7.8474276067E-01  7.8474276067E-01  2.1525723933E-01
                       2.3837885916E-01  7.5587512329E-01  7.6162114084E-01
                       7.5587512329E-01  2.3837885916E-01  7.6162114084E-01
                       2.3837885916E-01  7.5587512329E-01  2.4412487671E-01
                       7.5587512329E-01  2.3837885916E-01  2.4412487671E-01
                      -7.1578725385E-03 -7.1578725385E-03  7.1578725385E-03
         
diemac 12.0
ecut 16
pawecutdg 40
ixc -101130
kptopt 1
ngkpt 4 4 4
prtden 1
iscf 17
nstep 2500
prtwf 0
nshiftk 4
shiftk  0.5 0.5 0.5
        0.5 0.0 0.0
        0.0 0.5 0.0
        0.0 0.0 0.5
nband 42

toldff 1.0d-8
tolmxf 1.0d-5
ionmov 2
optcell 2
ecutsm 0.5
dilatmx 1.15
