ndtset 10
            acell1     1.4860963470E+01  1.4860963470E+01  1.4860963470E+01 
            acell2     1.4710852728E+01  1.4710852728E+01  1.4710852728E+01 
            acell3     1.4560741986E+01  1.4560741986E+01  1.4560741986E+01 
            acell4     1.4410631244E+01  1.4410631244E+01  1.4410631244E+01 
            acell5     1.4260520501E+01  1.4260520501E+01  1.4260520501E+01 
            acell6     1.4110409759E+01  1.4110409759E+01  1.4110409759E+01 
            acell7     1.3960299017E+01  1.3960299017E+01  1.3960299017E+01 
            acell8     1.3810188275E+01  1.3810188275E+01  1.3810188275E+01 
            acell9     1.3660077533E+01  1.3660077533E+01  1.3660077533E+01 
            acell10    1.3509966791E+01  1.3509966791E+01  1.3509966791E+01 

            rprim      0.0000000000E+00  7.0710678119E-01  7.0710678119E-01
                       7.0710678119E-01  0.0000000000E+00  7.0710678119E-01
                       7.0710678119E-01  7.0710678119E-01  0.0000000000E+00
natom    9  
ntypat   3
  
typat  1 1 2 2 2 2 2 2 3 
     
znucl    55 35 40
             xred1     2.5000000000E-01  2.5000000000E-01  2.5000000000E-01
                       7.5000000000E-01  7.5000000000E-01  7.5000000000E-01
                       2.3786095937E-01  2.3786095937E-01  7.6213904063E-01
                       7.6213904063E-01  7.6213904063E-01  2.3786095937E-01
                       2.3786095937E-01  7.6213904063E-01  7.6213904063E-01
                       7.6213904063E-01  2.3786095937E-01  7.6213904063E-01
                       2.3786095937E-01  7.6213904063E-01  2.3786095937E-01
                       7.6213904063E-01  2.3786095937E-01  2.3786095937E-01
                      -6.1024422246E-21 -4.0264949953E-21  1.3406974517E-20
             xred2     2.5000000000E-01  2.5000000000E-01  2.5000000000E-01
                       7.5000000000E-01  7.5000000000E-01  7.5000000000E-01
                       2.4001907973E-01  2.4001907973E-01  7.5998092027E-01
                       7.5998092027E-01  7.5998092027E-01  2.4001907973E-01
                       2.4001907973E-01  7.5998092027E-01  7.5998092027E-01
                       7.5998092027E-01  2.4001907973E-01  7.5998092027E-01
                       2.4001907973E-01  7.5998092027E-01  2.4001907973E-01
                       7.5998092027E-01  2.4001907973E-01  2.4001907973E-01
                      -1.1950485238E-19 -1.8428560104E-19  3.6914642508E-19
             xred3     2.5000000000E-01  2.5000000000E-01  2.5000000000E-01
                       7.5000000000E-01  7.5000000000E-01  7.5000000000E-01
                       2.4214050077E-01  2.4214050077E-01  7.5785949923E-01
                       7.5785949923E-01  7.5785949923E-01  2.4214050077E-01
                       2.4214050077E-01  7.5785949923E-01  7.5785949923E-01
                       7.5785949923E-01  2.4214050077E-01  7.5785949923E-01
                       2.4214050077E-01  7.5785949923E-01  2.4214050077E-01
                       7.5785949923E-01  2.4214050077E-01  2.4214050077E-01
                      -2.1384321553E-19  4.5425286203E-20  2.9741931767E-19
             xred4     2.5000000000E-01  2.5000000000E-01  2.5000000000E-01
                       7.5000000000E-01  7.5000000000E-01  7.5000000000E-01
                       2.4426880424E-01  2.4426880424E-01  7.5573119576E-01
                       7.5573119576E-01  7.5573119576E-01  2.4426880424E-01
                       2.4426880424E-01  7.5573119576E-01  7.5573119576E-01
                       7.5573119576E-01  2.4426880424E-01  7.5573119576E-01
                       2.4426880424E-01  7.5573119576E-01  2.4426880424E-01
                       7.5573119576E-01  2.4426880424E-01  2.4426880424E-01
                       1.2290922583E-21 -5.0587788960E-21  2.9259991999E-21
             xred5     2.5000000000E-01  2.5000000000E-01  2.5000000000E-01
                       7.5000000000E-01  7.5000000000E-01  7.5000000000E-01
                       2.4637469277E-01  2.4637469277E-01  7.5362530723E-01
                       7.5362530723E-01  7.5362530723E-01  2.4637469277E-01
                       2.4637469277E-01  7.5362530723E-01  7.5362530723E-01
                       7.5362530723E-01  2.4637469277E-01  7.5362530723E-01
                       2.4637469277E-01  7.5362530723E-01  2.4637469277E-01
                       7.5362530723E-01  2.4637469277E-01  2.4637469277E-01
                      -7.1205304749E-21 -2.6065625282E-20 -3.9786117624E-21
             xred6     2.5000000000E-01  2.5000000000E-01  2.5000000000E-01
                       7.5000000000E-01  7.5000000000E-01  7.5000000000E-01
                       2.4840908178E-01  2.4840908178E-01  7.5159091822E-01
                       7.5159091822E-01  7.5159091822E-01  2.4840908178E-01
                       2.4840908178E-01  7.5159091822E-01  7.5159091822E-01
                       7.5159091822E-01  2.4840908178E-01  7.5159091822E-01
                       2.4840908178E-01  7.5159091822E-01  2.4840908178E-01
                       7.5159091822E-01  2.4840908178E-01  2.4840908178E-01
                      -6.2874063808E-21 -4.9644739591E-21  1.3768375941E-20
             xred7     2.5000000000E-01  2.5000000000E-01  2.5000000000E-01
                       7.5000000000E-01  7.5000000000E-01  7.5000000000E-01
                       2.5041351853E-01  2.5041351853E-01  7.4958648147E-01
                       7.4958648147E-01  7.4958648147E-01  2.5041351853E-01
                       2.5041351853E-01  7.4958648147E-01  7.4958648147E-01
                       7.4958648147E-01  2.5041351853E-01  7.4958648147E-01
                       2.5041351853E-01  7.4958648147E-01  2.5041351853E-01
                       7.4958648147E-01  2.5041351853E-01  2.5041351853E-01
                      -6.1024422246E-21 -4.0264949953E-21  1.3406974517E-20
             xred8     2.5000000000E-01  2.5000000000E-01  2.5000000000E-01
                       7.5000000000E-01  7.5000000000E-01  7.5000000000E-01
                       2.5236509497E-01  2.5236509497E-01  7.4763490503E-01
                       7.4763490503E-01  7.4763490503E-01  2.5236509497E-01
                       2.5236509497E-01  7.4763490503E-01  7.4763490503E-01
                       7.4763490503E-01  2.5236509497E-01  7.4763490503E-01
                       2.5236509497E-01  7.4763490503E-01  2.5236509497E-01
                       7.4763490503E-01  2.5236509497E-01  2.5236509497E-01
                      -6.1024422246E-21 -4.0264949953E-21  1.3406974517E-20
             xred9     2.5000000000E-01  2.5000000000E-01  2.5000000000E-01
                       7.5000000000E-01  7.5000000000E-01  7.5000000000E-01
                       2.5421602448E-01  2.5421602448E-01  7.4578397552E-01
                       7.4578397552E-01  7.4578397552E-01  2.5421602448E-01
                       2.5421602448E-01  7.4578397552E-01  7.4578397552E-01
                       7.4578397552E-01  2.5421602448E-01  7.4578397552E-01
                       2.5421602448E-01  7.4578397552E-01  2.5421602448E-01
                       7.4578397552E-01  2.5421602448E-01  2.5421602448E-01
                      -6.1636693484E-20  3.7111586764E-20 -2.2445726505E-20
             xred10    2.5000000000E-01  2.5000000000E-01  2.5000000000E-01
                       7.5000000000E-01  7.5000000000E-01  7.5000000000E-01
                       2.5602320737E-01  2.5602320737E-01  7.4397679263E-01
                       7.4397679263E-01  7.4397679263E-01  2.5602320737E-01
                       2.5602320737E-01  7.4397679263E-01  7.4397679263E-01
                       7.4397679263E-01  2.5602320737E-01  7.4397679263E-01
                       2.5602320737E-01  7.4397679263E-01  2.5602320737E-01
                       7.4397679263E-01  2.5602320737E-01  2.5602320737E-01
                      -5.1251005253E-21 -4.9395098182E-21  1.4124364487E-20
         
getxred1 0
getxred -1

diemac 12.0
ecut 16
pawecutdg 40
ixc -101130
kptopt 1
ngkpt 4 4 4
prtden 1
iscf 17
nstep 2500
prtwf 0
nshiftk 4
shiftk  0.5 0.5 0.5
        0.5 0.0 0.0
        0.0 0.5 0.0
        0.0 0.0 0.5
nband 42

toldff 1.0d-8
tolmxf 1.0d-5
ionmov 2
optcell 3
ecutsm 0.5
dilatmx 1.15
