ndtset 2
            acell1     1.5221659112E+01  1.5229553761E+01  1.5221659112E+01
            acell2     1.5221659101E+01  1.5221659101E+01  1.5229553780E+01
            rprim1     0.0000000000E+00  7.0673985296E-01  7.0747351911E-01
                       7.0710678119E-01  0.0000000000E+00  7.0710678119E-01
                       7.0747351911E-01  7.0673985296E-01  0.0000000000E+00
            rprim2     0.0000000000E+00  7.0747352050E-01  7.0673985156E-01
                       7.0747352050E-01  0.0000000000E+00  7.0673985156E-01
                       7.0710678119E-01  7.0710678119E-01  0.0000000000E+00
natom    9  
ntypat   4  
typat1    1 1 2 4 4 4 4 4 3    
typat2    1 1 4 2 4 4 4 4 3    
znucl    55 53 72 35
             xred1     2.5249755277E-01  2.4750244723E-01  2.5249755277E-01
                       7.5249755277E-01  7.4750244723E-01  7.5249755277E-01
                       7.5034397980E-01  2.4965602020E-01  7.5034397980E-01
                       2.3144348012E-01  2.2889591812E-01  7.7110408188E-01
                       7.7110408188E-01  7.6855651988E-01  2.3144348012E-01
                       2.3473803377E-01  7.6526196623E-01  2.3473803377E-01
                       2.3144348012E-01  7.6855651988E-01  7.7110408188E-01
                       7.7110408188E-01  2.2889591812E-01  2.3144348012E-01
                       4.8277568879E-03 -4.8277568879E-03  4.8277568879E-03
             xred2     2.4750244682E-01  2.4750244682E-01  2.5249755318E-01
                       7.4750244682E-01  7.4750244682E-01  7.5249755318E-01
                       7.6855652042E-01  2.2889591766E-01  7.7110408234E-01
                       2.4965602076E-01  2.4965602076E-01  7.5034397924E-01
                       7.6526196613E-01  7.6526196613E-01  2.3473803387E-01
                       2.2889591766E-01  7.6855652042E-01  2.3144347958E-01
                       2.2889591766E-01  7.6855652042E-01  7.7110408234E-01
                       7.6855652042E-01  2.2889591766E-01  2.3144347958E-01
                      -4.8277566822E-03 -4.8277566822E-03  4.8277566822E-03

diemac 12.0
ecut 16
pawecutdg 40
ixc -101130
kptopt 1
ngkpt 12 12 12
prtden 1
iscf 17
nstep 2500
prtwf 0
nshiftk 1
shiftk 0 0 0
nband 42
toldfe 1.0d-8
