ndtset 10
            acell1     1.4842140624E+01  1.5106695805E+01  1.4842140624E+01
            acell2     1.4676242365E+01  1.4991086798E+01  1.4676242365E+01
            acell3     1.4511079824E+01  1.4874826171E+01  1.4511079824E+01
            acell4     1.4348663667E+01  1.4752876395E+01  1.4348663667E+01
            acell5     1.4187191607E+01  1.4629378830E+01  1.4187191607E+01
            acell6     1.4030611730E+01  1.4493968396E+01  1.4030611730E+01
            acell7     1.3876211480E+01  1.4353149708E+01  1.3876211480E+01
            acell8     1.3722147881E+01  1.4211603162E+01  1.3722147881E+01
            acell9     1.3572573492E+01  1.4058243635E+01  1.3572573492E+01
            acell10    1.3424347031E+01  1.3901314223E+01  1.3424347031E+01

            rprim1     0.0000000000E+00  6.9427411340E-01  7.1971067483E-01
                       7.0710678119E-01  0.0000000000E+00  7.0710678119E-01
                       7.1971067483E-01  6.9427411340E-01  0.0000000000E+00
            rprim2     0.0000000000E+00  6.9160482360E-01  7.2227610231E-01
                       7.0710678119E-01  0.0000000000E+00  7.0710678119E-01
                       7.2227610231E-01  6.9160482360E-01  0.0000000000E+00
            rprim3     0.0000000000E+00  6.8892599531E-01  7.2483168597E-01
                       7.0710678119E-01  0.0000000000E+00  7.0710678119E-01
                       7.2483168597E-01  6.8892599531E-01  0.0000000000E+00
            rprim4     0.0000000000E+00  6.8660938421E-01  7.2702651501E-01
                       7.0710678119E-01  0.0000000000E+00  7.0710678119E-01
                       7.2702651501E-01  6.8660938421E-01  0.0000000000E+00
            rprim5     0.0000000000E+00  6.8435825206E-01  7.2914592698E-01
                       7.0710678119E-01  0.0000000000E+00  7.0710678119E-01
                       7.2914592698E-01  6.8435825206E-01  0.0000000000E+00
            rprim6     0.0000000000E+00  6.8295679969E-01  7.3045876664E-01
                       7.0710678119E-01  0.0000000000E+00  7.0710678119E-01
                       7.3045876664E-01  6.8295679969E-01  0.0000000000E+00
            rprim7     0.0000000000E+00  6.8193723646E-01  7.3141069552E-01
                       7.0710678119E-01  0.0000000000E+00  7.0710678119E-01
                       7.3141069552E-01  6.8193723646E-01  0.0000000000E+00
            rprim8     0.0000000000E+00  6.8095143890E-01  7.3232857234E-01
                       7.0710678119E-01  0.0000000000E+00  7.0710678119E-01
                       7.3232857234E-01  6.8095143890E-01  0.0000000000E+00
            rprim9     0.0000000000E+00  6.8086458192E-01  7.3240932618E-01
                       7.0710678119E-01  0.0000000000E+00  7.0710678119E-01
                       7.3240932618E-01  6.8086458192E-01  0.0000000000E+00
            rprim10    0.0000000000E+00  6.8105711843E-01  7.3223029263E-01
                       7.0710678119E-01  0.0000000000E+00  7.0710678119E-01
                       7.3223029263E-01  6.8105711843E-01  0.0000000000E+00
natom    9  
ntypat   4
typat    1 1 2 4 4 2 4 4 3  

       
znucl    55 53 72 17

             xred1     2.5000000000E-01  2.5000000000E-01  2.5000000000E-01
                       7.5000000000E-01  7.5000000000E-01  7.5000000000E-01
                       7.3513399326E-01  2.6486600674E-01  7.3513399326E-01
                       2.1700185218E-01  2.1700185218E-01  7.8299814782E-01
                       7.8299814782E-01  7.8299814782E-01  2.1700185218E-01
                       2.6486600674E-01  7.3513399326E-01  2.6486600674E-01
                       2.1700185218E-01  7.8299814782E-01  7.8299814782E-01
                       7.8299814782E-01  2.1700185218E-01  2.1700185218E-01
                      -2.9985627030E-21  2.1435010995E-21  2.1308716099E-22
             xred2     2.5000000000E-01  2.5000000000E-01  2.5000000000E-01
                       7.5000000000E-01  7.5000000000E-01  7.5000000000E-01
                       7.3178508609E-01  2.6821491391E-01  7.3178508609E-01
                       2.1861255491E-01  2.1861255491E-01  7.8138744509E-01
                       7.8138744509E-01  7.8138744509E-01  2.1861255491E-01
                       2.6821491391E-01  7.3178508609E-01  2.6821491391E-01
                       2.1861255491E-01  7.8138744509E-01  7.8138744509E-01
                       7.8138744509E-01  2.1861255491E-01  2.1861255491E-01
                       9.6986010388E-24 -2.0211126424E-21  2.0929327934E-21
             xred3     2.5000000000E-01  2.5000000000E-01  2.5000000000E-01
                       7.5000000000E-01  7.5000000000E-01  7.5000000000E-01
                       7.2844487431E-01  2.7155512569E-01  7.2844487431E-01
                       2.2019638821E-01  2.2019638821E-01  7.7980361179E-01
                       7.7980361179E-01  7.7980361179E-01  2.2019638821E-01
                       2.7155512569E-01  7.2844487431E-01  2.7155512569E-01
                       2.2019638821E-01  7.7980361179E-01  7.7980361179E-01
                       7.7980361179E-01  2.2019638821E-01  2.2019638821E-01
                       0.0000000000E+00  0.0000000000E+00  0.0000000000E+00
             xred4     2.5000000000E-01  2.5000000000E-01  2.5000000000E-01
                       7.5000000000E-01  7.5000000000E-01  7.5000000000E-01
                       7.2531299482E-01  2.7468700518E-01  7.2531299482E-01
                       2.2188432958E-01  2.2188432958E-01  7.7811567042E-01
                       7.7811567042E-01  7.7811567042E-01  2.2188432958E-01
                       2.7468700518E-01  7.2531299482E-01  2.7468700518E-01
                       2.2188432958E-01  7.7811567042E-01  7.7811567042E-01
                       7.7811567042E-01  2.2188432958E-01  2.2188432958E-01
                       6.6269562913E-21  4.8882157739E-21 -1.2681005438E-20
             xred5     2.5000000000E-01  2.5000000000E-01  2.5000000000E-01
                       7.5000000000E-01  7.5000000000E-01  7.5000000000E-01
                       7.2225654102E-01  2.7774345898E-01  7.2225654102E-01
                       2.2352812832E-01  2.2352812832E-01  7.7647187168E-01
                       7.7647187168E-01  7.7647187168E-01  2.2352812832E-01
                       2.7774345898E-01  7.2225654102E-01  2.7774345898E-01
                       2.2352812832E-01  7.7647187168E-01  7.7647187168E-01
                       7.7647187168E-01  2.2352812832E-01  2.2352812832E-01
                      -4.6760684583E-21  7.0457964542E-21 -9.3983503057E-22
             xred6     2.5000000000E-01  2.5000000000E-01  2.5000000000E-01
                       7.5000000000E-01  7.5000000000E-01  7.5000000000E-01
                       7.1967783567E-01  2.8032216433E-01  7.1967783567E-01
                       2.2536102951E-01  2.2536102951E-01  7.7463897049E-01
                       7.7463897049E-01  7.7463897049E-01  2.2536102951E-01
                       2.8032216433E-01  7.1967783567E-01  2.8032216433E-01
                       2.2536102951E-01  7.7463897049E-01  7.7463897049E-01
                       7.7463897049E-01  2.2536102951E-01  2.2536102951E-01
                      -3.2018239951E-21  3.4380054226E-21 -1.0168435240E-22
             xred7     2.5000000000E-01  2.5000000000E-01  2.5000000000E-01
                       7.5000000000E-01  7.5000000000E-01  7.5000000000E-01
                       7.1737815230E-01  2.8262184770E-01  7.1737815230E-01
                       2.2724485927E-01  2.2724485927E-01  7.7275514073E-01
                       7.7275514073E-01  7.7275514073E-01  2.2724485927E-01
                       2.8262184770E-01  7.1737815230E-01  2.8262184770E-01
                       2.2724485927E-01  7.7275514073E-01  7.7275514073E-01
                       7.7275514073E-01  2.2724485927E-01  2.2724485927E-01
                      -1.9529839179E-22 -6.1686662165E-22  1.6341996453E-21
             xred8     2.5000000000E-01  2.5000000000E-01  2.5000000000E-01
                       7.5000000000E-01  7.5000000000E-01  7.5000000000E-01
                       7.1516839536E-01  2.8483160464E-01  7.1516839536E-01
                       2.2908164317E-01  2.2908164317E-01  7.7091835683E-01
                       7.7091835683E-01  7.7091835683E-01  2.2908164317E-01
                       2.8483160464E-01  7.1516839536E-01  2.8483160464E-01
                       2.2908164317E-01  7.7091835683E-01  7.7091835683E-01
                       7.7091835683E-01  2.2908164317E-01  2.2908164317E-01
                       7.5315349600E-21 -5.7375029122E-22 -8.2930596813E-21
             xred9     2.5000000000E-01  2.5000000000E-01  2.5000000000E-01
                       7.5000000000E-01  7.5000000000E-01  7.5000000000E-01
                       7.1351198496E-01  2.8648801504E-01  7.1351198496E-01
                       2.3109111402E-01  2.3109111402E-01  7.6890888598E-01
                       7.6890888598E-01  7.6890888598E-01  2.3109111402E-01
                       2.8648801504E-01  7.1351198496E-01  2.8648801504E-01
                       2.3109111402E-01  7.6890888598E-01  7.6890888598E-01
                       7.6890888598E-01  2.3109111402E-01  2.3109111402E-01
                      -2.2179768629E-21  5.4439277866E-22 -6.8855458138E-22
             xred10    2.5000000000E-01  2.5000000000E-01  2.5000000000E-01
                       7.5000000000E-01  7.5000000000E-01  7.5000000000E-01
                       7.1209838993E-01  2.8790161007E-01  7.1209838993E-01
                       2.3311736714E-01  2.3311736714E-01  7.6688263286E-01
                       7.6688263286E-01  7.6688263286E-01  2.3311736714E-01
                       2.8790161007E-01  7.1209838993E-01  2.8790161007E-01
                       2.3311736714E-01  7.6688263286E-01  7.6688263286E-01
                       7.6688263286E-01  2.3311736714E-01  2.3311736714E-01
                      -1.6925875401E-21 -3.9308692456E-21  2.8331475005E-21
         
getxred1 0
getxred -1

diemac 12.0
ecut 16
pawecutdg 40
ixc -101130
kptopt 1
ngkpt 4 4 4
prtden 1
iscf 17
nstep 2500
prtwf 0
nshiftk 4
shiftk  0.5 0.5 0.5
        0.5 0.0 0.0
        0.0 0.5 0.0
        0.0 0.0 0.5
nband 42

toldff 1.0d-8
tolmxf 1.0d-5
ionmov 2
optcell 3
ecutsm 0.5
dilatmx 1.15
