ndtset 10
            acell1     1.3674972193E+01  1.3674972193E+01  1.3946557491E+01
            acell2     1.3661227073E+01  1.3661227073E+01  1.3932727896E+01
            acell3     1.3647507417E+01  1.3647507417E+01  1.3918839260E+01
            acell4     1.3633799378E+01  1.3633799378E+01  1.3904923682E+01
            acell5     1.3620012417E+01  1.3620012417E+01  1.3891191170E+01
            acell6     1.3606267608E+01  1.3606267608E+01  1.3877360906E+01
            acell7     1.3592629100E+01  1.3592629100E+01  1.3863284041E+01
            acell8     1.3578899383E+01  1.3578899383E+01  1.3849418766E+01
            acell9     1.3565339857E+01  1.3565339857E+01  1.3835158704E+01
            acell10    1.3551704680E+01  1.3551704680E+01  1.3821074147E+01

            rprim1     0.0000000000E+00  7.2114993994E-01  6.9277901536E-01
                       7.2114993994E-01  0.0000000000E+00  6.9277901536E-01
                       7.0710678119E-01  7.0710678119E-01  0.0000000000E+00
            rprim2     0.0000000000E+00  7.2115969691E-01  6.9276885868E-01
                       7.2115969691E-01  0.0000000000E+00  6.9276885868E-01
                       7.0710678119E-01  7.0710678119E-01  0.0000000000E+00
            rprim3     0.0000000000E+00  7.2116506891E-01  6.9276326648E-01
                       7.2116506891E-01  0.0000000000E+00  6.9276326648E-01
                       7.0710678119E-01  7.0710678119E-01  0.0000000000E+00
            rprim4     0.0000000000E+00  7.2116843988E-01  6.9275975729E-01
                       7.2116843988E-01  0.0000000000E+00  6.9275975729E-01
                       7.0710678119E-01  7.0710678119E-01  0.0000000000E+00
            rprim5     0.0000000000E+00  7.2118550075E-01  6.9274199635E-01
                       7.2118550075E-01  0.0000000000E+00  6.9274199635E-01
                       7.0710678119E-01  7.0710678119E-01  0.0000000000E+00
            rprim6     0.0000000000E+00  7.2119528179E-01  6.9273181356E-01
                       7.2119528179E-01  0.0000000000E+00  6.9273181356E-01
                       7.0710678119E-01  7.0710678119E-01  0.0000000000E+00
            rprim7     0.0000000000E+00  7.2118661391E-01  6.9274083749E-01
                       7.2118661391E-01  0.0000000000E+00  6.9274083749E-01
                       7.0710678119E-01  7.0710678119E-01  0.0000000000E+00
            rprim8     0.0000000000E+00  7.2119379113E-01  6.9273336547E-01
                       7.2119379113E-01  0.0000000000E+00  6.9273336547E-01
                       7.0710678119E-01  7.0710678119E-01  0.0000000000E+00
            rprim9     0.0000000000E+00  7.2117135596E-01  6.9275672162E-01
                       7.2117135596E-01  0.0000000000E+00  6.9275672162E-01
                       7.0710678119E-01  7.0710678119E-01  0.0000000000E+00
            rprim10    0.0000000000E+00  7.2116205921E-01  6.9276639956E-01
                       7.2116205921E-01  0.0000000000E+00  6.9276639956E-01
                       7.0710678119E-01  7.0710678119E-01  0.0000000000E+00

natom    9  
ntypat   4  
  
            typat    1 1 2 4 4 4 4 4 3

znucl    55 53 40 17
             xred1     2.4451339299E-01  2.4451339299E-01  2.5548660701E-01
                       7.4451339299E-01  7.4451339299E-01  7.5548660701E-01
                       2.7560463458E-01  2.7560463458E-01  7.2439536542E-01
                       7.4650862443E-01  7.4650862443E-01  2.5349137557E-01
                       2.3531465938E-01  7.6342390715E-01  7.6468534062E-01
                       7.6342390715E-01  2.3531465938E-01  7.6468534062E-01
                       2.3531465938E-01  7.6342390715E-01  2.3657609285E-01
                       7.6342390715E-01  2.3531465938E-01  2.3657609285E-01
                      -8.6171780535E-03 -8.6171780535E-03  8.6171780535E-03
             xred2     2.4454576896E-01  2.4454576896E-01  2.5545423104E-01
                       7.4454576896E-01  7.4454576896E-01  7.5545423104E-01
                       2.7571324114E-01  2.7571324114E-01  7.2428675886E-01
                       7.4625072672E-01  7.4625072672E-01  2.5374927328E-01
                       2.3554398155E-01  7.6325518047E-01  7.6445601845E-01
                       7.6325518047E-01  2.3554398155E-01  7.6445601845E-01
                       2.3554398155E-01  7.6325518047E-01  2.3674481953E-01
                       7.6325518047E-01  2.3554398155E-01  2.3674481953E-01
                      -8.6538298072E-03 -8.6538298072E-03  8.6538298072E-03
             xred3     2.4459923983E-01  2.4459923983E-01  2.5540076017E-01
                       7.4459923983E-01  7.4459923983E-01  7.5540076017E-01
                       2.7582518269E-01  2.7582518269E-01  7.2417481731E-01
                       7.4598503348E-01  7.4598503348E-01  2.5401496652E-01
                       2.3575609681E-01  7.6308933359E-01  7.6424390319E-01
                       7.6308933359E-01  2.3575609681E-01  7.6424390319E-01
                       2.3575609681E-01  7.6308933359E-01  2.3691066641E-01
                       7.6308933359E-01  2.3575609681E-01  2.3691066641E-01
                      -8.6995566256E-03 -8.6995566256E-03  8.6995566256E-03
             xred4     2.4463299876E-01  2.4463299876E-01  2.5536700124E-01
                       7.4463299876E-01  7.4463299876E-01  7.5536700124E-01
                       2.7593674346E-01  2.7593674346E-01  7.2406325654E-01
                       7.4573155165E-01  7.4573155165E-01  2.5426844835E-01
                       2.3597740653E-01  7.6292459020E-01  7.6402259347E-01
                       7.6292459020E-01  2.3597740653E-01  7.6402259347E-01
                       2.3597740653E-01  7.6292459020E-01  2.3707540980E-01
                       7.6292459020E-01  2.3597740653E-01  2.3707540980E-01
                      -8.7382860819E-03 -8.7382860819E-03  8.7382860819E-03
             xred5     2.4466646987E-01  2.4466646987E-01  2.5533353013E-01
                       7.4466646987E-01  7.4466646987E-01  7.5533353013E-01
                       2.7605719595E-01  2.7605719595E-01  7.2394280405E-01
                       7.4546879955E-01  7.4546879955E-01  2.5453120045E-01
                       2.3619603580E-01  7.6276209212E-01  7.6380396420E-01
                       7.6276209212E-01  2.3619603580E-01  7.6380396420E-01
                       2.3619603580E-01  7.6276209212E-01  2.3723790788E-01
                       7.6276209212E-01  2.3619603580E-01  2.3723790788E-01
                      -8.7751910692E-03 -8.7751910692E-03  8.7751910692E-03
             xred6     2.4468503365E-01  2.4468503365E-01  2.5531496635E-01
                       7.4468503365E-01  7.4468503365E-01  7.5531496635E-01
                       2.7617547358E-01  2.7617547358E-01  7.2382452642E-01
                       7.4522080281E-01  7.4522080281E-01  2.5477919719E-01
                       2.3641873960E-01  7.6260105251E-01  7.6358126040E-01
                       7.6260105251E-01  2.3641873960E-01  7.6358126040E-01
                       2.3641873960E-01  7.6260105251E-01  2.3739894749E-01
                       7.6260105251E-01  2.3641873960E-01  2.3739894749E-01
                      -8.8059278915E-03 -8.8059278915E-03  8.8059278915E-03
             xred7     2.4470947028E-01  2.4470947028E-01  2.5529052972E-01
                       7.4470947028E-01  7.4470947028E-01  7.5529052972E-01
                       2.7628180759E-01  2.7628180759E-01  7.2371819241E-01
                       7.4498040113E-01  7.4498040113E-01  2.5501959887E-01
                       2.3664367129E-01  7.6243530528E-01  7.6335632871E-01
                       7.6243530528E-01  2.3664367129E-01  7.6335632871E-01
                       2.3664367129E-01  7.6243530528E-01  2.3756469472E-01
                       7.6243530528E-01  2.3664367129E-01  2.3756469472E-01
                      -8.8391024048E-03 -8.8391024048E-03  8.8391024048E-03
             xred8     2.4473533672E-01  2.4473533672E-01  2.5526466328E-01
                       7.4473533672E-01  7.4473533672E-01  7.5526466328E-01
                       2.7639389153E-01  2.7639389153E-01  7.2360610847E-01
                       7.4473522122E-01  7.4473522122E-01  2.5526477878E-01
                       2.3686509535E-01  7.6227080449E-01  7.6313490465E-01
                       7.6227080449E-01  2.3686509535E-01  7.6313490465E-01
                       2.3686509535E-01  7.6227080449E-01  2.3772919551E-01
                       7.6227080449E-01  2.3686509535E-01  2.3772919551E-01
                      -8.8715858582E-03 -8.8715858582E-03  8.8715858582E-03
             xred9     2.4476126130E-01  2.4476126130E-01  2.5523873870E-01
                       7.4476126130E-01  7.4476126130E-01  7.5523873870E-01
                       2.7649648220E-01  2.7649648220E-01  7.2350351780E-01
                       7.4449726421E-01  7.4449726421E-01  2.5550273579E-01
                       2.3709528954E-01  7.6209844079E-01  7.6290471046E-01
                       7.6209844079E-01  2.3709528954E-01  7.6290471046E-01
                       2.3709528954E-01  7.6209844079E-01  2.3790155921E-01
                       7.6209844079E-01  2.3709528954E-01  2.3790155921E-01
                      -8.9037296509E-03 -8.9037296509E-03  8.9037296509E-03
             xred10    2.4479218059E-01  2.4479218059E-01  2.5520781941E-01
                       7.4479218059E-01  7.4479218059E-01  7.5520781941E-01
                       2.7659911417E-01  2.7659911417E-01  7.2340088583E-01
                       7.4424833679E-01  7.4424833679E-01  2.5575166321E-01
                       2.3732306812E-01  7.6193219273E-01  7.6267693188E-01
                       7.6193219273E-01  2.3732306812E-01  7.6267693188E-01
                       2.3732306812E-01  7.6193219273E-01  2.3806780727E-01
                       7.6193219273E-01  2.3732306812E-01  2.3806780727E-01
                      -8.9423338168E-03 -8.9423338168E-03  8.9423338168E-03
         
diemac 12.0
ecut 16
pawecutdg 40
ixc -101130
kptopt 1
ngkpt 4 4 4
prtden 1
iscf 17
nstep 2500
prtwf 0
nshiftk 4
shiftk  0.5 0.5 0.5
        0.5 0.0 0.0
        0.0 0.5 0.0
        0.0 0.0 0.5
nband 42

toldff 1.0d-8
tolmxf 1.0d-5
ionmov 2
optcell 3
ecutsm 0.5
dilatmx 1.15
