ndtset 10
            acell1     1.3954825348E+01  1.4226742997E+01  1.3954825348E+01
            acell2     1.3940967236E+01  1.4212246155E+01  1.3940967236E+01
            acell3     1.3926955036E+01  1.4198105505E+01  1.3926955036E+01
            acell4     1.3912442074E+01  1.4185123068E+01  1.3912442074E+01
            acell5     1.3898852027E+01  1.4170005982E+01  1.3898852027E+01
            acell6     1.3884295429E+01  1.4157124954E+01  1.3884295429E+01
            acell7     1.3870707901E+01  1.4142001692E+01  1.3870707901E+01
            acell8     1.3856824850E+01  1.4127562380E+01  1.3856824850E+01
            acell9     1.3841898465E+01  1.4115538196E+01  1.3841898465E+01
            acell10    1.3827364478E+01  1.4102607531E+01  1.3827364478E+01

            rprim1     0.0000000000E+00  6.9305453748E-01  7.2088515596E-01
                       7.0710678119E-01  0.0000000000E+00  7.0710678119E-01
                       7.2088515596E-01  6.9305453748E-01  0.0000000000E+00
            rprim2     0.0000000000E+00  6.9307398879E-01  7.2086645508E-01
                       7.0710678119E-01  0.0000000000E+00  7.0710678119E-01
                       7.2086645508E-01  6.9307398879E-01  0.0000000000E+00
            rprim3     0.0000000000E+00  6.9306637292E-01  7.2087377725E-01
                       7.0710678119E-01  0.0000000000E+00  7.0710678119E-01
                       7.2087377725E-01  6.9306637292E-01  0.0000000000E+00
            rprim4     0.0000000000E+00  6.9297051191E-01  7.2096592819E-01
                       7.0710678119E-01  0.0000000000E+00  7.0710678119E-01
                       7.2096592819E-01  6.9297051191E-01  0.0000000000E+00
            rprim5     0.0000000000E+00  6.9303723401E-01  7.2090179101E-01
                       7.0710678119E-01  0.0000000000E+00  7.0710678119E-01
                       7.2090179101E-01  6.9303723401E-01  0.0000000000E+00
            rprim6     0.0000000000E+00  6.9293340924E-01  7.2100158832E-01
                       7.0710678119E-01  0.0000000000E+00  7.0710678119E-01
                       7.2100158832E-01  6.9293340924E-01  0.0000000000E+00
            rprim7     0.0000000000E+00  6.9300070099E-01  7.2093691016E-01
                       7.0710678119E-01  0.0000000000E+00  7.0710678119E-01
                       7.2093691016E-01  6.9300070099E-01  0.0000000000E+00
            rprim8     0.0000000000E+00  6.9301581576E-01  7.2092238078E-01
                       7.0710678119E-01  0.0000000000E+00  7.0710678119E-01
                       7.2092238078E-01  6.9301581576E-01  0.0000000000E+00
            rprim9     0.0000000000E+00  6.9284605020E-01  7.2108553634E-01
                       7.0710678119E-01  0.0000000000E+00  7.0710678119E-01
                       7.2108553634E-01  6.9284605020E-01  0.0000000000E+00
            rprim10    0.0000000000E+00  6.9274541127E-01  7.2118222050E-01
                       7.0710678119E-01  0.0000000000E+00  7.0710678119E-01
                       7.2118222050E-01  6.9274541127E-01  0.0000000000E+00
natom    9  
ntypat   4  
  
typat    1 1 2 4 4 4 4 4 3
       
znucl    55 53 72 17
             xred1     2.5587441998E-01  2.4412558002E-01  2.5587441998E-01
                       7.5587441998E-01  7.4412558002E-01  7.5587441998E-01
                       7.2807833802E-01  2.7192166198E-01  7.2807833802E-01
                       2.3173977165E-01  2.2867928412E-01  7.7132071588E-01
                       7.7132071588E-01  7.6826022835E-01  2.3173977165E-01
                       2.4623365839E-01  7.5376634161E-01  2.4623365839E-01
                       2.3173977165E-01  7.6826022835E-01  7.7132071588E-01
                       7.7132071588E-01  2.2867928412E-01  2.3173977165E-01
                       7.8181885330E-03 -7.8181885330E-03  7.8181885330E-03
             xred2     2.5586736712E-01  2.4413263288E-01  2.5586736712E-01
                       7.5586736712E-01  7.4413263288E-01  7.5586736712E-01
                       7.2792826696E-01  2.7207173304E-01  7.2792826696E-01
                       2.3192406161E-01  2.2890431778E-01  7.7109568222E-01
                       7.7109568222E-01  7.6807593839E-01  2.3192406161E-01
                       2.4646502968E-01  7.5353497032E-01  2.4646502968E-01
                       2.3192406161E-01  7.6807593839E-01  7.7109568222E-01
                       7.7109568222E-01  2.2890431778E-01  2.3192406161E-01
                       7.8324814210E-03 -7.8324814210E-03  7.8324814210E-03
             xred3     2.5584770227E-01  2.4415229773E-01  2.5584770227E-01
                       7.5584770227E-01  7.4415229773E-01  7.5584770227E-01
                       7.2777835979E-01  2.7222164021E-01  7.2777835979E-01
                       2.3210405060E-01  2.2912855051E-01  7.7087144949E-01
                       7.7087144949E-01  7.6789594940E-01  2.3210405060E-01
                       2.4672067681E-01  7.5327932319E-01  2.4672067681E-01
                       2.3210405060E-01  7.6789594940E-01  7.7087144949E-01
                       7.7087144949E-01  2.2912855051E-01  2.3210405060E-01
                       7.8545586694E-03 -7.8545586694E-03  7.8545586694E-03
             xred4     2.5579577626E-01  2.4420422374E-01  2.5579577626E-01
                       7.5579577626E-01  7.4420422374E-01  7.5579577626E-01
                       7.2760466651E-01  2.7239533349E-01  7.2760466651E-01
                       2.3228898074E-01  2.2932108111E-01  7.7067891889E-01
                       7.7067891889E-01  7.6771101926E-01  2.3228898074E-01
                       2.4699449849E-01  7.5300550151E-01  2.4699449849E-01
                       2.3228898074E-01  7.6771101926E-01  7.7067891889E-01
                       7.7067891889E-01  2.2932108111E-01  2.3228898074E-01
                       7.8734832155E-03 -7.8734832155E-03  7.8734832155E-03
             xred5     2.5579570160E-01  2.4420429840E-01  2.5579570160E-01
                       7.5579570160E-01  7.4420429840E-01  7.5579570160E-01
                       7.2747950194E-01  2.7252049806E-01  7.2747950194E-01
                       2.3248507973E-01  2.2955898481E-01  7.7044101519E-01
                       7.7044101519E-01  7.6751492027E-01  2.3248507973E-01
                       2.4719585926E-01  7.5280414074E-01  2.4719585926E-01
                       2.3248507973E-01  7.6751492027E-01  7.7044101519E-01
                       7.7044101519E-01  2.2955898481E-01  2.3248507973E-01
                       7.8810457417E-03 -7.8810457417E-03  7.8810457417E-03
             xred6     2.5575847043E-01  2.4424152957E-01  2.5575847043E-01
                       7.5575847043E-01  7.4424152957E-01  7.5575847043E-01
                       7.2729428443E-01  2.7270571557E-01  7.2729428443E-01
                       2.3265879839E-01  2.2975337577E-01  7.7024662423E-01
                       7.7024662423E-01  7.6734120161E-01  2.3265879839E-01
                       2.4747932158E-01  7.5252067842E-01  2.4747932158E-01
                       2.3265879839E-01  7.6734120161E-01  7.7024662423E-01
                       7.7024662423E-01  2.2975337577E-01  2.3265879839E-01
                       7.8986078410E-03 -7.8986078410E-03  7.8986078410E-03
             xred7     2.5575719151E-01  2.4424280849E-01  2.5575719151E-01
                       7.5575719151E-01  7.4424280849E-01  7.5575719151E-01
                       7.2717467830E-01  2.7282532170E-01  7.2717467830E-01
                       2.3284917908E-01  2.2999147939E-01  7.7000852061E-01
                       7.7000852061E-01  7.6715082092E-01  2.3284917908E-01
                       2.4768643960E-01  7.5231356040E-01  2.4768643960E-01
                       2.3284917908E-01  7.6715082092E-01  7.7000852061E-01
                       7.7000852061E-01  2.2999147939E-01  2.3284917908E-01
                       7.9090996899E-03 -7.9090996899E-03  7.9090996899E-03
             xred8     2.5574896335E-01  2.4425103665E-01  2.5574896335E-01
                       7.5574896335E-01  7.4425103665E-01  7.5574896335E-01
                       7.2703426960E-01  2.7296573040E-01  7.2703426960E-01
                       2.3303435216E-01  2.3022104409E-01  7.6977895591E-01
                       7.6977895591E-01  7.6696564784E-01  2.3303435216E-01
                       2.4792166142E-01  7.5207833858E-01  2.4792166142E-01
                       2.3303435216E-01  7.6696564784E-01  7.6977895591E-01
                       7.6977895591E-01  2.3022104409E-01  2.3303435216E-01
                       7.9195261149E-03 -7.9195261149E-03  7.9195261149E-03
             xred9     2.5571607484E-01  2.4428392516E-01  2.5571607484E-01
                       7.5571607484E-01  7.4428392516E-01  7.5571607484E-01
                       7.2681853515E-01  2.7318146485E-01  7.2681853515E-01
                       2.3319353374E-01  2.3040217038E-01  7.6959782962E-01
                       7.6959782962E-01  7.6680646626E-01  2.3319353374E-01
                       2.4822979736E-01  7.5177020264E-01  2.4822979736E-01
                       2.3319353374E-01  7.6680646626E-01  7.6959782962E-01
                       7.6959782962E-01  2.3040217038E-01  2.3319353374E-01
                       7.9367910788E-03 -7.9367910788E-03  7.9367910788E-03
             xred10    2.5567856044E-01  2.4432143956E-01  2.5567856044E-01
                       7.5567856044E-01  7.4432143956E-01  7.5567856044E-01
                       7.2663013884E-01  2.7336986116E-01  7.2663013884E-01
                       2.3336189684E-01  2.3060250105E-01  7.6939749895E-01
                       7.6939749895E-01  7.6663810316E-01  2.3336189684E-01
                       2.4853113492E-01  7.5146886508E-01  2.4853113492E-01
                       2.3336189684E-01  7.6663810316E-01  7.6939749895E-01
                       7.6939749895E-01  2.3060250105E-01  2.3336189684E-01
                       7.9628137710E-03 -7.9628137710E-03  7.9628137710E-03
         
getxred1 0
getxred -1

diemac 12.0
ecut 16
pawecutdg 40
ixc -101130
kptopt 1
ngkpt 4 4 4
prtden 1
iscf 17
nstep 2500
prtwf 0
nshiftk 4
shiftk  0.5 0.5 0.5
        0.5 0.0 0.0
        0.0 0.5 0.0
        0.0 0.0 0.5
nband 42

toldff 1.0d-8
tolmxf 1.0d-5
ionmov 2
optcell 3
ecutsm 0.5
dilatmx 1.15
