ndtset 13
            acell1     1.3513275032E+01  1.3513275032E+01  1.3513275032E+01
            acell2     1.3499748230E+01  1.3499748230E+01  1.3499748230E+01
            acell3     1.3486221428E+01  1.3486221428E+01  1.3486221428E+01
            acell4     1.3472694627E+01  1.3472694627E+01  1.3472694627E+01
            acell5     1.3459167825E+01  1.3459167825E+01  1.3459167825E+01
            acell6     1.3445641023E+01  1.3445641023E+01  1.3445641023E+01
            acell7     1.3432114221E+01  1.3432114221E+01  1.3432114221E+01
            acell8     1.3418587419E+01  1.3418587419E+01  1.3418587419E+01
            acell9     1.3405060617E+01  1.3405060617E+01  1.3405060617E+01
            acell10    1.3391533816E+01  1.3391533816E+01  1.3391533816E+01
            acell11    1.3378007014E+01  1.3378007014E+01  1.3378007014E+01
            acell12    1.3364480212E+01  1.3364480212E+01  1.3364480212E+01
            acell13    1.3350953410E+01  1.3350953410E+01  1.3350953410E+01



            rprim      0.0000000000E+00  7.0710678119E-01  7.0710678119E-01
                       7.0710678119E-01  0.0000000000E+00  7.0710678119E-01
                       7.0710678119E-01  7.0710678119E-01  0.0000000000E+00
natom    9  
ntypat   3
  
typat  1 1 2 2 2 2 2 2 3 
     
znucl    55 17 72
             xred1     2.5000000000E-01  2.5000000000E-01  2.5000000000E-01
                       7.5000000000E-01  7.5000000000E-01  7.5000000000E-01
                       7.5765309954E-01  2.4234690046E-01  7.5765309954E-01
                       2.4234690046E-01  2.4234690046E-01  7.5765309954E-01
                       7.5765309954E-01  7.5765309954E-01  2.4234690046E-01
                       2.4234690046E-01  7.5765309954E-01  2.4234690046E-01
                       2.4234690046E-01  7.5765309954E-01  7.5765309954E-01
                       7.5765309954E-01  2.4234690046E-01  2.4234690046E-01
                      -6.1171432307E-20  9.3497621366E-20 -7.6380191077E-20
             xred2     2.5000000000E-01  2.5000000000E-01  2.5000000000E-01
                       7.5000000000E-01  7.5000000000E-01  7.5000000000E-01
                       7.5744495222E-01  2.4255504778E-01  7.5744495222E-01
                       2.4255504778E-01  2.4255504778E-01  7.5744495222E-01
                       7.5744495222E-01  7.5744495222E-01  2.4255504778E-01
                       2.4255504778E-01  7.5744495222E-01  2.4255504778E-01
                       2.4255504778E-01  7.5744495222E-01  7.5744495222E-01
                       7.5744495222E-01  2.4255504778E-01  2.4255504778E-01
                      -5.9875024369E-20  8.1223081359E-20 -7.0923192786E-20
             xred3     2.5000000000E-01  2.5000000000E-01  2.5000000000E-01
                       7.5000000000E-01  7.5000000000E-01  7.5000000000E-01
                       7.5723724332E-01  2.4276275668E-01  7.5723724332E-01
                       2.4276275668E-01  2.4276275668E-01  7.5723724332E-01
                       7.5723724332E-01  7.5723724332E-01  2.4276275668E-01
                       2.4276275668E-01  7.5723724332E-01  2.4276275668E-01
                       2.4276275668E-01  7.5723724332E-01  7.5723724332E-01
                       7.5723724332E-01  2.4276275668E-01  2.4276275668E-01
                      -4.8079104632E-20  8.8008840453E-20 -8.3235943575E-20
             xred4     2.5000000000E-01  2.5000000000E-01  2.5000000000E-01
                       7.5000000000E-01  7.5000000000E-01  7.5000000000E-01
                       7.5703301882E-01  2.4296698118E-01  7.5703301882E-01
                       2.4296698118E-01  2.4296698118E-01  7.5703301882E-01
                       7.5703301882E-01  7.5703301882E-01  2.4296698118E-01
                       2.4296698118E-01  7.5703301882E-01  2.4296698118E-01
                       2.4296698118E-01  7.5703301882E-01  7.5703301882E-01
                       7.5703301882E-01  2.4296698118E-01  2.4296698118E-01
                      -5.4641692120E-20  8.0103040065E-20 -7.3905898814E-20
             xred5     2.5000000000E-01  2.5000000000E-01  2.5000000000E-01
                       7.5000000000E-01  7.5000000000E-01  7.5000000000E-01
                       7.5682690745E-01  2.4317309255E-01  7.5682690745E-01
                       2.4317309255E-01  2.4317309255E-01  7.5682690745E-01
                       7.5682690745E-01  7.5682690745E-01  2.4317309255E-01
                       2.4317309255E-01  7.5682690745E-01  2.4317309255E-01
                       2.4317309255E-01  7.5682690745E-01  7.5682690745E-01
                       7.5682690745E-01  2.4317309255E-01  2.4317309255E-01
                      -6.1171432307E-20  9.3497621366E-20 -7.6380191077E-20
             xred6     2.5000000000E-01  2.5000000000E-01  2.5000000000E-01
                       7.5000000000E-01  7.5000000000E-01  7.5000000000E-01
                       7.5662080347E-01  2.4337919653E-01  7.5662080347E-01
                       2.4337919653E-01  2.4337919653E-01  7.5662080347E-01
                       7.5662080347E-01  7.5662080347E-01  2.4337919653E-01
                       2.4337919653E-01  7.5662080347E-01  2.4337919653E-01
                       2.4337919653E-01  7.5662080347E-01  7.5662080347E-01
                       7.5662080347E-01  2.4337919653E-01  2.4337919653E-01
                      -7.4226529415E-20  1.1169095215E-19 -8.0827166690E-20
             xred7     2.5000000000E-01  2.5000000000E-01  2.5000000000E-01
                       7.5000000000E-01  7.5000000000E-01  7.5000000000E-01
                       7.5641323621E-01  2.4358676379E-01  7.5641323621E-01
                       2.4358676379E-01  2.4358676379E-01  7.5641323621E-01
                       7.5641323621E-01  7.5641323621E-01  2.4358676379E-01
                       2.4358676379E-01  7.5641323621E-01  2.4358676379E-01
                       2.4358676379E-01  7.5641323621E-01  7.5641323621E-01
                       7.5641323621E-01  2.4358676379E-01  2.4358676379E-01
                      -6.7945062497E-20  1.1043451402E-19 -9.0375542313E-20
             xred8     2.5000000000E-01  2.5000000000E-01  2.5000000000E-01
                       7.5000000000E-01  7.5000000000E-01  7.5000000000E-01
                       7.5620916852E-01  2.4379083148E-01  7.5620916852E-01
                       2.4379083148E-01  2.4379083148E-01  7.5620916852E-01
                       7.5620916852E-01  7.5620916852E-01  2.4379083148E-01
                       2.4379083148E-01  7.5620916852E-01  2.4379083148E-01
                       2.4379083148E-01  7.5620916852E-01  7.5620916852E-01
                       7.5620916852E-01  2.4379083148E-01  2.4379083148E-01
                      -7.8532038208E-20  1.3106631708E-19 -9.8649724262E-20
             xred9     2.5000000000E-01  2.5000000000E-01  2.5000000000E-01
                       7.5000000000E-01  7.5000000000E-01  7.5000000000E-01
                       7.5600822478E-01  2.4399177522E-01  7.5600822478E-01
                       2.4399177522E-01  2.4399177522E-01  7.5600822478E-01
                       7.5600822478E-01  7.5600822478E-01  2.4399177522E-01
                       2.4399177522E-01  7.5600822478E-01  2.4399177522E-01
                       2.4399177522E-01  7.5600822478E-01  7.5600822478E-01
                       7.5600822478E-01  2.4399177522E-01  2.4399177522E-01
                      -8.7198477580E-20  1.3411699044E-19 -9.8476593218E-20
             xred10    2.5000000000E-01  2.5000000000E-01  2.5000000000E-01
                       7.5000000000E-01  7.5000000000E-01  7.5000000000E-01
                       7.5580253202E-01  2.4419746798E-01  7.5580253202E-01
                       2.4419746798E-01  2.4419746798E-01  7.5580253202E-01
                       7.5580253202E-01  7.5580253202E-01  2.4419746798E-01
                       2.4419746798E-01  7.5580253202E-01  2.4419746798E-01
                       2.4419746798E-01  7.5580253202E-01  7.5580253202E-01
                       7.5580253202E-01  2.4419746798E-01  2.4419746798E-01
                      -7.8990119054E-20  1.3920206311E-19 -1.1968646919E-19
             xred11    2.5000000000E-01  2.5000000000E-01  2.5000000000E-01
                       7.5000000000E-01  7.5000000000E-01  7.5000000000E-01
                       7.5560654322E-01  2.4439345678E-01  7.5560654322E-01
                       2.4439345678E-01  2.4439345678E-01  7.5560654322E-01
                       7.5560654322E-01  7.5560654322E-01  2.4439345678E-01
                       2.4439345678E-01  7.5560654322E-01  2.4439345678E-01
                       2.4439345678E-01  7.5560654322E-01  7.5560654322E-01
                       7.5560654322E-01  2.4439345678E-01  2.4439345678E-01
                      -7.4309131626E-20  1.4019190029E-19 -1.3027023745E-19
             xred12    2.5000000000E-01  2.5000000000E-01  2.5000000000E-01
                       7.5000000000E-01  7.5000000000E-01  7.5000000000E-01
                       7.5540674051E-01  2.4459325949E-01  7.5540674051E-01
                       2.4459325949E-01  2.4459325949E-01  7.5540674051E-01
                       7.5540674051E-01  7.5540674051E-01  2.4459325949E-01
                       2.4459325949E-01  7.5540674051E-01  2.4459325949E-01
                       2.4459325949E-01  7.5540674051E-01  7.5540674051E-01
                       7.5540674051E-01  2.4459325949E-01  2.4459325949E-01
                      -7.8884036234E-20  1.4558566415E-19 -1.3046684071E-19
             xred13    2.5000000000E-01  2.5000000000E-01  2.5000000000E-01
                       7.5000000000E-01  7.5000000000E-01  7.5000000000E-01
                       7.5520789792E-01  2.4479210208E-01  7.5520789792E-01
                       2.4479210208E-01  2.4479210208E-01  7.5520789792E-01
                       7.5520789792E-01  7.5520789792E-01  2.4479210208E-01
                       2.4479210208E-01  7.5520789792E-01  2.4479210208E-01
                       2.4479210208E-01  7.5520789792E-01  7.5520789792E-01
                       7.5520789792E-01  2.4479210208E-01  2.4479210208E-01
                      -6.1171432307E-20  9.3497621366E-20 -7.6380191077E-20
         
diemac 12.0
ecut 16
pawecutdg 40
ixc -101130
kptopt 1
ngkpt 12 12 12
prtden 1
iscf 17
nstep 2500
prtwf 0
nshiftk 1
shiftk 0 0 0
nband 42
toldfe 1.0d-8
