ndtset 10
            acell1     1.4170718915E+01  1.3946642697E+01  1.4282583462E+01
            acell2     1.4155354924E+01  1.3933031641E+01  1.4269405240E+01
            acell3     1.4140829005E+01  1.3919018268E+01  1.4255808148E+01
            acell4     1.4126527425E+01  1.3904899036E+01  1.4242096692E+01
            acell5     1.4111894834E+01  1.3890944034E+01  1.4228545291E+01
            acell6     1.4083552906E+01  1.3862884319E+01  1.4200633404E+01
            acell7     1.4068820077E+01  1.3848900451E+01  1.4187223959E+01
            acell8     1.4054202082E+01  1.3834974743E+01  1.4173623560E+01
            acell9     1.4039109088E+01  1.3821169449E+01  1.4160390050E+01
            acell10    1.4024160191E+01  1.3807482271E+01  1.4146863540E+01

            rprim1     0.0000000000E+00  7.2361096128E-01  6.9020806770E-01
                       7.1286880341E-01  0.0000000000E+00  7.0129741845E-01
                       6.9610141034E-01  7.1794347028E-01  0.0000000000E+00
            rprim2     0.0000000000E+00  7.2365192772E-01  6.9016511611E-01
                       7.1298648153E-01  0.0000000000E+00  7.0117777856E-01
                       6.9617920577E-01  7.1786803345E-01  0.0000000000E+00
            rprim3     0.0000000000E+00  7.2368976444E-01  6.9012544139E-01
                       7.1304020648E-01  0.0000000000E+00  7.0112314463E-01
                       6.9619481106E-01  7.1785289931E-01  0.0000000000E+00
            rprim4     0.0000000000E+00  7.2372661576E-01  6.9008679573E-01
                       7.1307672844E-01  0.0000000000E+00  7.0108599997E-01
                       6.9619383495E-01  7.1785384597E-01  0.0000000000E+00
            rprim5     0.0000000000E+00  7.2376430028E-01  6.9004727204E-01
                       7.1313843190E-01  0.0000000000E+00  7.0102323567E-01
                       6.9621776812E-01  7.1783063417E-01  0.0000000000E+00
            rprim6     0.0000000000E+00  7.2380495546E-01  6.9000462784E-01
                       7.1317298724E-01  0.0000000000E+00  7.0098808140E-01
                       6.9621081962E-01  7.1783737339E-01  0.0000000000E+00
            rprim7     0.0000000000E+00  7.2385149911E-01  6.8995580093E-01
                       7.1324751159E-01  0.0000000000E+00  7.0091225357E-01
                       6.9623865903E-01  7.1781037167E-01  0.0000000000E+00
            rprim8     0.0000000000E+00  7.2388559421E-01  6.8992002906E-01
                       7.1330630690E-01  0.0000000000E+00  7.0085241851E-01
                       6.9626335838E-01  7.1778641376E-01  0.0000000000E+00
            rprim9     0.0000000000E+00  7.2393326051E-01  6.8987001263E-01
                       7.1340863751E-01  0.0000000000E+00  7.0074825432E-01
                       6.9631850750E-01  7.1773291419E-01  0.0000000000E+00
            rprim10    0.0000000000E+00  7.2396041109E-01  6.8984152033E-01
                       7.1348838341E-01  0.0000000000E+00  7.0066705841E-01
                       6.9637189736E-01  7.1768111342E-01  0.0000000000E+00
natom    9  
ntypat   4  

            typat 1 1 4 4 2 4 2 2 3
      
znucl    55 53 40 17
             xred1     2.5076558844E-01  2.4923441156E-01  2.5076558844E-01
                       7.5076558844E-01  7.4923441156E-01  7.5076558844E-01
                       2.2970127571E-01  2.4279402130E-01  7.5720597870E-01
                       7.5720597870E-01  7.7029872429E-01  2.2970127571E-01
                       2.7321867782E-01  7.2678132218E-01  7.3539898175E-01
                       7.6268628176E-01  2.3731371824E-01  7.6268628176E-01
                       2.5158689265E-01  7.4841310735E-01  2.5158689265E-01
                       7.3539898175E-01  2.6460101825E-01  2.7321867782E-01
                      -1.1329265234E-02  1.1329265234E-02 -1.1329265234E-02
             xred2     2.5077166905E-01  2.4922833095E-01  2.5077166905E-01
                       7.5077166905E-01  7.4922833095E-01  7.5077166905E-01
                       2.2994587880E-01  2.4302632392E-01  7.5697367608E-01
                       7.5697367608E-01  7.7005412120E-01  2.2994587880E-01
                       2.7337962192E-01  7.2662037808E-01  7.3534656092E-01
                       7.6245448502E-01  2.3754551498E-01  7.6245448502E-01
                       2.5171460908E-01  7.4828539092E-01  2.5171460908E-01
                       7.3534656092E-01  2.6465343908E-01  2.7337962192E-01
                      -1.1358169881E-02  1.1358169881E-02 -1.1358169881E-02
             xred3     2.5079251659E-01  2.4920748341E-01  2.5079251659E-01
                       7.5079251659E-01  7.4920748341E-01  7.5079251659E-01
                       2.3018938377E-01  2.4321558136E-01  7.5678441864E-01
                       7.5678441864E-01  7.6981061623E-01  2.3018938377E-01
                       2.7354658710E-01  7.2645341290E-01  7.3525098691E-01
                       7.6222450213E-01  2.3777549787E-01  7.6222450213E-01
                       2.5181815606E-01  7.4818184394E-01  2.5181815606E-01
                       7.3525098691E-01  2.6474901309E-01  2.7354658710E-01
                      -1.1399067758E-02  1.1399067758E-02 -1.1399067758E-02
             xred4     2.5082007557E-01  2.4917992443E-01  2.5082007557E-01
                       7.5082007557E-01  7.4917992443E-01  7.5082007557E-01
                       2.3042105130E-01  2.4340726326E-01  7.5659273674E-01
                       7.5659273674E-01  7.6957894870E-01  2.3042105130E-01
                       2.7372596541E-01  7.2627403459E-01  7.3515392643E-01
                       7.6199347576E-01  2.3800652424E-01  7.6199347576E-01
                       2.5191609403E-01  7.4808390597E-01  2.5191609403E-01
                       7.3515392643E-01  2.6484607357E-01  2.7372596541E-01
                      -1.1443400801E-02  1.1443400801E-02 -1.1443400801E-02
             xred5     2.5086467934E-01  2.4913532066E-01  2.5086467934E-01
                       7.5086467934E-01  7.4913532066E-01  7.5086467934E-01
                       2.3065157654E-01  2.4360936745E-01  7.5639063255E-01
                       7.5639063255E-01  7.6934842346E-01  2.3065157654E-01
                       2.7389527951E-01  7.2610472049E-01  7.3506447515E-01
                       7.6174624379E-01  2.3825375621E-01  7.6174624379E-01
                       2.5201943129E-01  7.4798056871E-01  2.5201943129E-01
                       7.3506447515E-01  2.6493552485E-01  2.7389527951E-01
                      -1.1496997481E-02  1.1496997481E-02 -1.1496997481E-02
             xred6     2.5088636368E-01  2.4911363632E-01  2.5088636368E-01
                       7.5088636368E-01  7.4911363632E-01  7.5088636368E-01
                       2.3111536723E-01  2.4397576541E-01  7.5602423459E-01
                       7.5602423459E-01  7.6888463277E-01  2.3111536723E-01
                       2.7427721484E-01  7.2572278516E-01  7.3488988837E-01
                       7.6127669432E-01  2.3872330568E-01  7.6127669432E-01
                       2.5222330689E-01  7.4777669311E-01  2.5222330689E-01
                       7.3488988837E-01  2.6511011163E-01  2.7427721484E-01
                      -1.1579433582E-02  1.1579433582E-02 -1.1579433582E-02
             xred7     2.5093783407E-01  2.4906216593E-01  2.5093783407E-01
                       7.5093783407E-01  7.4906216593E-01  7.5093783407E-01
                       2.3134742603E-01  2.4417641785E-01  7.5582358215E-01
                       7.5582358215E-01  7.6865257397E-01  2.3134742603E-01
                       2.7443739116E-01  7.2556260884E-01  7.3480817237E-01
                       7.6102880785E-01  2.3897119215E-01  7.6102880785E-01
                       2.5231874110E-01  7.4768125890E-01  2.5231874110E-01
                       7.3480817237E-01  2.6519182763E-01  2.7443739116E-01
                      -1.1639788784E-02  1.1639788784E-02 -1.1639788784E-02
             xred8     2.5096876059E-01  2.4903123941E-01  2.5096876059E-01
                       7.5096876059E-01  7.4903123941E-01  7.5096876059E-01
                       2.3158975347E-01  2.4437172291E-01  7.5562827709E-01
                       7.5562827709E-01  7.6841024653E-01  2.3158975347E-01
                       2.7459899829E-01  7.2540100171E-01  7.3472333219E-01
                       7.6078887064E-01  2.3921112936E-01  7.6078887064E-01
                       2.5241932300E-01  7.4758067700E-01  2.5241932300E-01
                       7.3472333219E-01  2.6527666781E-01  2.7459899829E-01
                      -1.1686075835E-02  1.1686075835E-02 -1.1686075835E-02
             xred9     2.5098858209E-01  2.4901141791E-01  2.5098858209E-01
                       7.5098858209E-01  7.4901141791E-01  7.5098858209E-01
                       2.3181415446E-01  2.4461252609E-01  7.5538747391E-01
                       7.5538747391E-01  7.6818584554E-01  2.3181415446E-01
                       2.7476188175E-01  7.2523811825E-01  7.3467877979E-01
                       7.6056674423E-01  2.3943325577E-01  7.6056674423E-01
                       2.5253303845E-01  7.4746696155E-01  2.5253303845E-01
                       7.3467877979E-01  2.6532122021E-01  2.7476188175E-01
                      -1.1719236733E-02  1.1719236733E-02 -1.1719236733E-02
             xred10    2.5101532248E-01  2.4898467752E-01  2.5101532248E-01
                       7.5101532248E-01  7.4898467752E-01  7.5101532248E-01
                       2.3205036915E-01  2.4481614978E-01  7.5518385022E-01
                       7.5518385022E-01  7.6794963085E-01  2.3205036915E-01
                       2.7491743606E-01  7.2508256394E-01  7.3461624305E-01
                       7.6032417615E-01  2.3967582385E-01  7.6032417615E-01
                       2.5264236970E-01  7.4735763030E-01  2.5264236970E-01
                       7.3461624305E-01  2.6538375695E-01  2.7491743606E-01
                      -1.1765089263E-02  1.1765089263E-02 -1.1765089263E-02
         
diemac 12.0
ecut 16
pawecutdg 40
ixc -101130
kptopt 1
ngkpt 4 4 4
prtden 1
iscf 17
nstep 2500
prtwf 0
nshiftk 4
shiftk  0.5 0.5 0.5
        0.5 0.0 0.0
        0.0 0.5 0.0
        0.0 0.0 0.5
nband 42

toldff 1.0d-8
tolmxf 1.0d-5
ionmov 2
optcell 3
ecutsm 0.5
dilatmx 1.15
