ndtset 10
            acell1     1.4172901518E+01  1.4615011441E+01  1.4172901518E+01
            acell2     1.4157227881E+01  1.4604173315E+01  1.4157227881E+01
            acell3     1.4142109847E+01  1.4591924394E+01  1.4142109847E+01
            acell4     1.4127051339E+01  1.4579527686E+01  1.4127051339E+01
            acell5     1.4112416507E+01  1.4566047046E+01  1.4112416507E+01
            acell6     1.4097756776E+01  1.4552631555E+01  1.4097756776E+01
            acell7     1.4082684460E+01  1.4540279366E+01  1.4082684460E+01
            acell8     1.4068085575E+01  1.4526710759E+01  1.4068085575E+01
            acell9     1.4053228045E+01  1.4513810657E+01  1.4053228045E+01
            acell10    1.4038547443E+01  1.4500455858E+01  1.4038547443E+01

            rprim1     0.0000000000E+00  6.8433868494E-01  7.2916429170E-01
                       7.0710678119E-01  0.0000000000E+00  7.0710678119E-01
                       7.2916429170E-01  6.8433868494E-01  0.0000000000E+00
            rprim2     0.0000000000E+00  6.8405521707E-01  7.2943022970E-01
                       7.0710678119E-01  0.0000000000E+00  7.0710678119E-01
                       7.2943022970E-01  6.8405521707E-01  0.0000000000E+00
            rprim3     0.0000000000E+00  6.8387675477E-01  7.2959754953E-01
                       7.0710678119E-01  0.0000000000E+00  7.0710678119E-01
                       7.2959754953E-01  6.8387675477E-01  0.0000000000E+00
            rprim4     0.0000000000E+00  6.8370900029E-01  7.2975475533E-01
                       7.0710678119E-01  0.0000000000E+00  7.0710678119E-01
                       7.2975475533E-01  6.8370900029E-01  0.0000000000E+00
            rprim5     0.0000000000E+00  6.8362219592E-01  7.2983607286E-01
                       7.0710678119E-01  0.0000000000E+00  7.0710678119E-01
                       7.2983607286E-01  6.8362219592E-01  0.0000000000E+00
            rprim6     0.0000000000E+00  6.8353032452E-01  7.2992211602E-01
                       7.0710678119E-01  0.0000000000E+00  7.0710678119E-01
                       7.2992211602E-01  6.8353032452E-01  0.0000000000E+00
            rprim7     0.0000000000E+00  6.8335835763E-01  7.3008311517E-01
                       7.0710678119E-01  0.0000000000E+00  7.0710678119E-01
                       7.3008311517E-01  6.8335835763E-01  0.0000000000E+00
            rprim8     0.0000000000E+00  6.8327754928E-01  7.3015874346E-01
                       7.0710678119E-01  0.0000000000E+00  7.0710678119E-01
                       7.3015874346E-01  6.8327754928E-01  0.0000000000E+00
            rprim9     0.0000000000E+00  6.8314623393E-01  7.3028160532E-01
                       7.0710678119E-01  0.0000000000E+00  7.0710678119E-01
                       7.3028160532E-01  6.8314623393E-01  0.0000000000E+00
            rprim10    0.0000000000E+00  6.8304892720E-01  7.3037261932E-01
                       7.0710678119E-01  0.0000000000E+00  7.0710678119E-01
                       7.3037261932E-01  6.8304892720E-01  0.0000000000E+00
natom    9  
ntypat   4
typat    1 1 2 4 4 2 4 4 3  

       
znucl    55 53 72 17

             xred1     2.5000000000E-01  2.5000000000E-01  2.5000000000E-01
                       7.5000000000E-01  7.5000000000E-01  7.5000000000E-01
                       7.2206704546E-01  2.7793295454E-01  7.2206704546E-01
                       2.2373054245E-01  2.2373054245E-01  7.7626945755E-01
                       7.7626945755E-01  7.7626945755E-01  2.2373054245E-01
                       2.7793295454E-01  7.2206704546E-01  2.7793295454E-01
                       2.2373054245E-01  7.7626945755E-01  7.7626945755E-01
                       7.7626945755E-01  2.2373054245E-01  2.2373054245E-01
                      -4.7958811135E-21  7.1458516483E-21 -9.2444430427E-22
             xred2     2.5000000000E-01  2.5000000000E-01  2.5000000000E-01
                       7.5000000000E-01  7.5000000000E-01  7.5000000000E-01
                       7.2174542826E-01  2.7825457174E-01  7.2174542826E-01
                       2.2387090796E-01  2.2387090796E-01  7.7612909204E-01
                       7.7612909204E-01  7.7612909204E-01  2.2387090796E-01
                       2.7825457174E-01  7.2174542826E-01  2.7825457174E-01
                       2.2387090796E-01  7.7612909204E-01  7.7612909204E-01
                       7.7612909204E-01  2.2387090796E-01  2.2387090796E-01
                      -4.6503578254E-21  7.0498541126E-21 -1.0041330044E-21
             xred3     2.5000000000E-01  2.5000000000E-01  2.5000000000E-01
                       7.5000000000E-01  7.5000000000E-01  7.5000000000E-01
                       7.2147724849E-01  2.7852275151E-01  7.2147724849E-01
                       2.2403453938E-01  2.2403453938E-01  7.7596546062E-01
                       7.7596546062E-01  7.7596546062E-01  2.2403453938E-01
                       2.7852275151E-01  7.2147724849E-01  2.7852275151E-01
                       2.2403453938E-01  7.7596546062E-01  7.7596546062E-01
                       7.7596546062E-01  2.2403453938E-01  2.2403453938E-01
                      -4.9429720827E-21  7.0938537372E-21 -6.3801101597E-22
             xred4     2.5000000000E-01  2.5000000000E-01  2.5000000000E-01
                       7.5000000000E-01  7.5000000000E-01  7.5000000000E-01
                       7.2120984949E-01  2.7879015051E-01  7.2120984949E-01
                       2.2419640309E-01  2.2419640309E-01  7.7580359691E-01
                       7.7580359691E-01  7.7580359691E-01  2.2419640309E-01
                       2.7879015051E-01  7.2120984949E-01  2.7879015051E-01
                       2.2419640309E-01  7.7580359691E-01  7.7580359691E-01
                       7.7580359691E-01  2.2419640309E-01  2.2419640309E-01
                      -4.4651740348E-21  6.9649816647E-21 -6.2959264931E-22
             xred5     2.5000000000E-01  2.5000000000E-01  2.5000000000E-01
                       7.5000000000E-01  7.5000000000E-01  7.5000000000E-01
                       7.2098944311E-01  2.7901055689E-01  7.2098944311E-01
                       2.2437886145E-01  2.2437886145E-01  7.7562113855E-01
                       7.7562113855E-01  7.7562113855E-01  2.2437886145E-01
                       2.7901055689E-01  7.2098944311E-01  2.7901055689E-01
                       2.2437886145E-01  7.7562113855E-01  7.7562113855E-01
                       7.7562113855E-01  2.2437886145E-01  2.2437886145E-01
                      -4.7249359542E-21  6.9820325991E-21 -8.3909811298E-22
             xred6     2.5000000000E-01  2.5000000000E-01  2.5000000000E-01
                       7.5000000000E-01  7.5000000000E-01  7.5000000000E-01
                       7.2076551343E-01  2.7923448657E-01  7.2076551343E-01
                       2.2456467748E-01  2.2456467748E-01  7.7543532252E-01
                       7.7543532252E-01  7.7543532252E-01  2.2456467748E-01
                       2.7923448657E-01  7.2076551343E-01  2.7923448657E-01
                       2.2456467748E-01  7.7543532252E-01  7.7543532252E-01
                       7.7543532252E-01  2.2456467748E-01  2.2456467748E-01
                      -3.8273647758E-21  6.5680462417E-21 -7.0798564654E-22
             xred7     2.5000000000E-01  2.5000000000E-01  2.5000000000E-01
                       7.5000000000E-01  7.5000000000E-01  7.5000000000E-01
                       7.2050184683E-01  2.7949815317E-01  7.2050184683E-01
                       2.2472789866E-01  2.2472789866E-01  7.7527210134E-01
                       7.7527210134E-01  7.7527210134E-01  2.2472789866E-01
                       2.7949815317E-01  7.2050184683E-01  2.7949815317E-01
                       2.2472789866E-01  7.7527210134E-01  7.7527210134E-01
                       7.7527210134E-01  2.2472789866E-01  2.2472789866E-01
                      -4.6760684583E-21  7.0457964542E-21 -9.3983503057E-22
             xred8     2.5000000000E-01  2.5000000000E-01  2.5000000000E-01
                       7.5000000000E-01  7.5000000000E-01  7.5000000000E-01
                       7.2028042913E-01  2.7971957087E-01  7.2028042913E-01
                       2.2491626423E-01  2.2491626423E-01  7.7508373577E-01
                       7.7508373577E-01  7.7508373577E-01  2.2491626423E-01
                       2.7971957087E-01  7.2028042913E-01  2.7971957087E-01
                       2.2491626423E-01  7.7508373577E-01  7.7508373577E-01
                       7.7508373577E-01  2.2491626423E-01  2.2491626423E-01
                      -4.6971025570E-21  7.1126928622E-21 -9.5058451509E-22
             xred9     2.5000000000E-01  2.5000000000E-01  2.5000000000E-01
                       7.5000000000E-01  7.5000000000E-01  7.5000000000E-01
                       7.2004222323E-01  2.7995777677E-01  7.2004222323E-01
                       2.2509177082E-01  2.2509177082E-01  7.7490822918E-01
                       7.7490822918E-01  7.7490822918E-01  2.2509177082E-01
                       2.7995777677E-01  7.2004222323E-01  2.7995777677E-01
                       2.2509177082E-01  7.7490822918E-01  7.7490822918E-01
                       7.7490822918E-01  2.2509177082E-01  2.2509177082E-01
                      -4.1293574581E-21  7.2569276549E-21 -1.8398652858E-21
             xred10    2.5000000000E-01  2.5000000000E-01  2.5000000000E-01
                       7.5000000000E-01  7.5000000000E-01  7.5000000000E-01
                       7.1981736466E-01  2.8018263534E-01  7.1981736466E-01
                       2.2527500798E-01  2.2527500798E-01  7.7472499202E-01
                       7.7472499202E-01  7.7472499202E-01  2.2527500798E-01
                       2.8018263534E-01  7.1981736466E-01  2.8018263534E-01
                       2.2527500798E-01  7.7472499202E-01  7.7472499202E-01
                       7.7472499202E-01  2.2527500798E-01  2.2527500798E-01
                      -4.6760684583E-21  7.0457964542E-21 -9.3983503057E-22
         
getxred1 0
getxred -1

diemac 12.0
ecut 16
pawecutdg 40
ixc -101130
kptopt 1
ngkpt 4 4 4
prtden 1
iscf 17
nstep 50
prtwf 0
nshiftk 4
shiftk  0.5 0.5 0.5
        0.5 0.0 0.0
        0.0 0.5 0.0
        0.0 0.0 0.5
nband 42

toldff 1.0d-8
tolmxf 1.0d-5
ionmov 2
optcell 3
ecutsm 0.5
dilatmx 1.15
