ndtset 10
            acell1     1.4604925450E+01  1.4654488771E+01  1.4604925450E+01
            acell2     1.4590281655E+01  1.4639869292E+01  1.4590281655E+01
            acell3     1.4575645349E+01  1.4625234472E+01  1.4575645349E+01
            acell4     1.4560989111E+01  1.4610640487E+01  1.4560989111E+01
            acell5     1.4546353645E+01  1.4596003950E+01  1.4546353645E+01
            acell6     1.4531755197E+01  1.4581291568E+01  1.4531755197E+01
            acell7     1.4517161845E+01  1.4566568747E+01  1.4517161845E+01
            acell8     1.4502578087E+01  1.4551826274E+01  1.4502578087E+01
            acell9     1.4488920449E+01  1.4535187974E+01  1.4488920449E+01
            acell10    1.4474878111E+01  1.4519338571E+01  1.4474878111E+01

            rprim1     0.0000000000E+00  7.0469897013E-01  7.0950642104E-01
                       7.0710678119E-01  0.0000000000E+00  7.0710678119E-01
                       7.0950642104E-01  7.0469897013E-01  0.0000000000E+00
            rprim2     0.0000000000E+00  7.0469535876E-01  7.0951000792E-01
                       7.0710678119E-01  0.0000000000E+00  7.0710678119E-01
                       7.0951000792E-01  7.0469535876E-01  0.0000000000E+00
            rprim3     0.0000000000E+00  7.0469285641E-01  7.0951249328E-01
                       7.0710678119E-01  0.0000000000E+00  7.0710678119E-01
                       7.0951249328E-01  7.0469285641E-01  0.0000000000E+00
            rprim4     0.0000000000E+00  7.0468737459E-01  7.0951793782E-01
                       7.0710678119E-01  0.0000000000E+00  7.0710678119E-01
                       7.0951793782E-01  7.0468737459E-01  0.0000000000E+00
            rprim5     0.0000000000E+00  7.0468498446E-01  7.0952031167E-01
                       7.0710678119E-01  0.0000000000E+00  7.0710678119E-01
                       7.0952031167E-01  7.0468498446E-01  0.0000000000E+00
            rprim6     0.0000000000E+00  7.0468812518E-01  7.0951719234E-01
                       7.0710678119E-01  0.0000000000E+00  7.0710678119E-01
                       7.0951719234E-01  7.0468812518E-01  0.0000000000E+00
            rprim7     0.0000000000E+00  7.0469203493E-01  7.0951330918E-01
                       7.0710678119E-01  0.0000000000E+00  7.0710678119E-01
                       7.0951330918E-01  7.0469203493E-01  0.0000000000E+00
            rprim8     0.0000000000E+00  7.0469738977E-01  7.0950799069E-01
                       7.0710678119E-01  0.0000000000E+00  7.0710678119E-01
                       7.0950799069E-01  7.0469738977E-01  0.0000000000E+00
            rprim9     0.0000000000E+00  7.0484154072E-01  7.0936478802E-01
                       7.0710678119E-01  0.0000000000E+00  7.0710678119E-01
                       7.0936478802E-01  7.0484154072E-01  0.0000000000E+00
            rprim10    0.0000000000E+00  7.0492816830E-01  7.0927870230E-01
                       7.0710678119E-01  0.0000000000E+00  7.0710678119E-01
                       7.0927870230E-01  7.0492816830E-01  0.0000000000E+00
natom    9  
ntypat   4  
typat    1 1 2 4 4 2 4 4 3        
znucl    55 53 72 35
             xred1     2.5000000000E-01  2.5000000000E-01  2.5000000000E-01
                       7.5000000000E-01  7.5000000000E-01  7.5000000000E-01
                       7.3851085425E-01  2.6148914575E-01  7.3851085425E-01
                       2.3757257982E-01  2.3757257982E-01  7.6242742018E-01
                       7.6242742018E-01  7.6242742018E-01  2.3757257982E-01
                       2.6148914575E-01  7.3851085425E-01  2.6148914575E-01
                       2.3757257982E-01  7.6242742018E-01  7.6242742018E-01
                       7.6242742018E-01  2.3757257982E-01  2.3757257982E-01
                      -5.7472489725E-22  1.1961398034E-21 -4.7079764978E-22
             xred2     2.5000000000E-01  2.5000000000E-01  2.5000000000E-01
                       7.5000000000E-01  7.5000000000E-01  7.5000000000E-01
                       7.3832804170E-01  2.6167195830E-01  7.3832804170E-01
                       2.3777292905E-01  2.3777292905E-01  7.6222707095E-01
                       7.6222707095E-01  7.6222707095E-01  2.3777292905E-01
                       2.6167195830E-01  7.3832804170E-01  2.6167195830E-01
                       2.3777292905E-01  7.6222707095E-01  7.6222707095E-01
                       7.6222707095E-01  2.3777292905E-01  2.3777292905E-01
                      -5.7472489725E-22  1.1961398034E-21 -4.7079764978E-22
             xred3     2.5000000000E-01  2.5000000000E-01  2.5000000000E-01
                       7.5000000000E-01  7.5000000000E-01  7.5000000000E-01
                       7.3815106320E-01  2.6184893680E-01  7.3815106320E-01
                       2.3797359427E-01  2.3797359427E-01  7.6202640573E-01
                       7.6202640573E-01  7.6202640573E-01  2.3797359427E-01
                       2.6184893680E-01  7.3815106320E-01  2.6184893680E-01
                       2.3797359427E-01  7.6202640573E-01  7.6202640573E-01
                       7.6202640573E-01  2.3797359427E-01  2.3797359427E-01
                      -5.7472489725E-22  1.1961398034E-21 -4.7079764978E-22
             xred4     2.5000000000E-01  2.5000000000E-01  2.5000000000E-01
                       7.5000000000E-01  7.5000000000E-01  7.5000000000E-01
                       7.3797417211E-01  2.6202582789E-01  7.3797417211E-01
                       2.3817206905E-01  2.3817206905E-01  7.6182793095E-01
                       7.6182793095E-01  7.6182793095E-01  2.3817206905E-01
                       2.6202582789E-01  7.3797417211E-01  2.6202582789E-01
                       2.3817206905E-01  7.6182793095E-01  7.6182793095E-01
                       7.6182793095E-01  2.3817206905E-01  2.3817206905E-01
                      -5.7472489725E-22  1.1961398034E-21 -4.7079764978E-22
             xred5     2.5000000000E-01  2.5000000000E-01  2.5000000000E-01
                       7.5000000000E-01  7.5000000000E-01  7.5000000000E-01
                       7.3780028768E-01  2.6219971232E-01  7.3780028768E-01
                       2.3837303878E-01  2.3837303878E-01  7.6162696122E-01
                       7.6162696122E-01  7.6162696122E-01  2.3837303878E-01
                       2.6219971232E-01  7.3780028768E-01  2.6219971232E-01
                       2.3837303878E-01  7.6162696122E-01  7.6162696122E-01
                       7.6162696122E-01  2.3837303878E-01  2.3837303878E-01
                      -5.7472489725E-22  1.1961398034E-21 -4.7079764978E-22
             xred6     2.5000000000E-01  2.5000000000E-01  2.5000000000E-01
                       7.5000000000E-01  7.5000000000E-01  7.5000000000E-01
                       7.3763108252E-01  2.6236891748E-01  7.3763108252E-01
                       2.3857579361E-01  2.3857579361E-01  7.6142420639E-01
                       7.6142420639E-01  7.6142420639E-01  2.3857579361E-01
                       2.6236891748E-01  7.3763108252E-01  2.6236891748E-01
                       2.3857579361E-01  7.6142420639E-01  7.6142420639E-01
                       7.6142420639E-01  2.3857579361E-01  2.3857579361E-01
                      -5.7472489725E-22  1.1961398034E-21 -4.7079764978E-22
             xred7     2.5000000000E-01  2.5000000000E-01  2.5000000000E-01
                       7.5000000000E-01  7.5000000000E-01  7.5000000000E-01
                       7.3746576153E-01  2.6253423847E-01  7.3746576153E-01
                       2.3877068693E-01  2.3877068693E-01  7.6122931307E-01
                       7.6122931307E-01  7.6122931307E-01  2.3877068693E-01
                       2.6253423847E-01  7.3746576153E-01  2.6253423847E-01
                       2.3877068693E-01  7.6122931307E-01  7.6122931307E-01
                       7.6122931307E-01  2.3877068693E-01  2.3877068693E-01
                      -5.7472489725E-22  1.1961398034E-21 -4.7079764978E-22
             xred8     2.5000000000E-01  2.5000000000E-01  2.5000000000E-01
                       7.5000000000E-01  7.5000000000E-01  7.5000000000E-01
                       7.3729396659E-01  2.6270603341E-01  7.3729396659E-01
                       2.3897054941E-01  2.3897054941E-01  7.6102945059E-01
                       7.6102945059E-01  7.6102945059E-01  2.3897054941E-01
                       2.6270603341E-01  7.3729396659E-01  2.6270603341E-01
                       2.3897054941E-01  7.6102945059E-01  7.6102945059E-01
                       7.6102945059E-01  2.3897054941E-01  2.3897054941E-01
                      -5.7472489725E-22  1.1961398034E-21 -4.7079764978E-22
             xred9     2.5000000000E-01  2.5000000000E-01  2.5000000000E-01
                       7.5000000000E-01  7.5000000000E-01  7.5000000000E-01
                       7.3718902444E-01  2.6281097556E-01  7.3718902444E-01
                       2.3919655143E-01  2.3919655143E-01  7.6080344857E-01
                       7.6080344857E-01  7.6080344857E-01  2.3919655143E-01
                       2.6281097556E-01  7.3718902444E-01  2.6281097556E-01
                       2.3919655143E-01  7.6080344857E-01  7.6080344857E-01
                       7.6080344857E-01  2.3919655143E-01  2.3919655143E-01
                      -5.7472489725E-22  1.1961398034E-21 -4.7079764978E-22
             xred10    2.5000000000E-01  2.5000000000E-01  2.5000000000E-01
                       7.5000000000E-01  7.5000000000E-01  7.5000000000E-01
                       7.3705891574E-01  2.6294108426E-01  7.3705891574E-01
                       2.3941262346E-01  2.3941262346E-01  7.6058737654E-01
                       7.6058737654E-01  7.6058737654E-01  2.3941262346E-01
                       2.6294108426E-01  7.3705891574E-01  2.6294108426E-01
                       2.3941262346E-01  7.6058737654E-01  7.6058737654E-01
                       7.6058737654E-01  2.3941262346E-01  2.3941262346E-01
                      -6.1445618865E-22  1.1565173743E-21 -4.6016084063E-22

        
getxred1 0
getxred -1

diemac 12.0
ecut 16
pawecutdg 40
ixc -101130
kptopt 1
ngkpt 4 4 4
prtden 1
iscf 17
nstep 50
prtwf 0
nshiftk 4
shiftk  0.5 0.5 0.5
        0.5 0.0 0.0
        0.0 0.5 0.0
        0.0 0.0 0.5
nband 42

toldff 1.0d-8
tolmxf 1.0d-5
ionmov 2
optcell 3
ecutsm 0.5
dilatmx 1.15
