ndtset 4
            acell1     1.5145584566E+01  1.5516755279E+01  1.5145584566E+01
            acell2     1.5516754394E+01  1.5145583795E+01  1.5145583795E+01
            acell3     1.4993459791E+01  1.5145593006E+01  1.5145593006E+01
            acell4     1.5024864712E+01  1.5024864712E+01  1.5227084469E+01

            rprim1     1.2215289848E-02  7.0184956085E-01  7.1222045788E-01
                       7.0710678119E-01  0.0000000000E+00  7.0710678119E-01
                       7.1222045788E-01  7.0184956085E-01  1.2215289848E-02
            rprim2     0.0000000000E+00  7.0710678119E-01  7.0710678119E-01
                       7.0184954025E-01  1.2215264641E-02  7.1222047862E-01
                       7.0184954025E-01  7.1222047862E-01  1.2215264641E-02
            rprim3     0.0000000000E+00  7.0710678119E-01  7.0710678119E-01
                       7.0185064591E-01 -1.2215295781E-02  7.1221938852E-01
                       7.0185064591E-01  7.1221938852E-01 -1.2215295781E-02
            rprim4     0.0000000000E+00  7.1662373620E-01  6.9745997786E-01
                       7.1662373620E-01  0.0000000000E+00  6.9745997786E-01
                       7.0710678119E-01  7.0710678119E-01  0.0000000000E+00
natom    9  
ntypat   4  
  
            typat1    1 1 2 4 2 4 4 4 3 
            typat2    1 1 2 4 4 2 4 4 3   
            typat3    1 1 4 2 4 2 4 4 3
            typat4    1 1 2 2 4 4 4 4 3
       
znucl    55 53 40 17
             xred1     2.3871788396E-01  2.5396458298E-01  2.5335295009E-01
                       7.4664704991E-01  7.4603541702E-01  7.6128211604E-01
                       2.5084563981E-01  2.4709604340E-01  7.4915436019E-01
                       7.7064573097E-01  7.8223928240E-01  2.2935426903E-01
                       2.5084563981E-01  7.5290395660E-01  7.4915436019E-01
                       7.7467298297E-01  2.1929948584E-01  7.8672804535E-01
                       2.1327195465E-01  7.8070051416E-01  2.2532701703E-01
                       7.7064573097E-01  2.1776071760E-01  2.2935426903E-01
                      -1.6292613058E-02 -1.6514795627E-19  1.6292613058E-02
             xred2     2.5396458913E-01  2.3871781981E-01  2.5335300193E-01
                       7.4603541087E-01  7.4664699807E-01  7.6128218019E-01
                       2.4709605267E-01  2.5084566105E-01  7.4915433895E-01
                       7.8223926433E-01  7.7064574444E-01  2.2935425556E-01
                       2.1929950808E-01  7.7467297544E-01  7.8672800839E-01
                       7.5290394733E-01  2.5084566105E-01  7.4915433895E-01
                       2.1776073567E-01  7.7064574444E-01  2.2935425556E-01
                       7.8070049192E-01  2.1327199161E-01  2.2532702456E-01
                       1.6744585275E-18 -1.6292595903E-02  1.6292595903E-02
             xred3     2.5335241524E-01  2.5396589240E-01  2.5396589240E-01
                       7.6128420003E-01  7.4603410760E-01  7.4603410760E-01
                       2.2935385342E-01  2.1776117344E-01  7.8223882656E-01
                       7.4915370717E-01  7.5290403972E-01  2.4709596028E-01
                       2.2532695944E-01  7.8070100279E-01  7.8070100279E-01
                       7.4915370717E-01  2.4709596028E-01  7.5290403972E-01
                       2.2935385342E-01  7.8223882656E-01  2.1776117344E-01
                       7.8672896503E-01  2.1929899721E-01  2.1929899721E-01
                       1.6292339078E-02 -3.7843568281E-17 -3.7616787006E-17
             xred4     2.5000000000E-01  2.5000000000E-01  2.5000000000E-01
                       7.5000000000E-01  7.5000000000E-01  7.5000000000E-01
                       2.6262314937E-01  2.6262314937E-01  7.3737685063E-01
                       7.3737685063E-01  7.3737685063E-01  2.6262314937E-01
                       2.1707743210E-01  7.8292256790E-01  7.8292256790E-01
                       7.8292256790E-01  2.1707743210E-01  7.8292256790E-01
                       2.1707743210E-01  7.8292256790E-01  2.1707743210E-01
                       7.8292256790E-01  2.1707743210E-01  2.1707743210E-01
                      -2.4468407478E-22  1.7638736649E-21 -6.1650345005E-21
         
diemac 12.0
ecut 16
pawecutdg 40
ixc -101130
kptopt 1
ngkpt 4 4 4
prtden 1
iscf 17
nstep 2500
prtwf 0
nshiftk 4
shiftk  0.5 0.5 0.5
        0.5 0.0 0.0
        0.0 0.5 0.0
        0.0 0.0 0.5
nband 42

toldff 1.0d-8
tolmxf 1.0d-5
ionmov 2
optcell 2
ecutsm 0.5
dilatmx 1.15
