ndtset 10
acell1 15.67875358962 15.67875358962 15.86637342576
acell2 15.52038234124 15.52038234124 15.70610702752
acell3 15.36201109286 15.36201109286 15.54584062928
acell4 15.20363984448 15.20363984448 15.38557423104
acell5 15.0452685961 15.0452685961 15.2253078328
acell6 14.88689734772 14.88689734772 15.06504143456
acell7 14.72852609934 14.72852609934 14.90477503632
acell8 14.57015485096 14.57015485096 14.74450863808
acell9 14.41178360258 14.41178360258 14.58424223984
acell10 14.2534123542 14.2534123542 14.4239758416

            rprim     0.0000000000E+00  7.1556837589E-01  6.9854269693E-01
                       7.1556837589E-01  0.0000000000E+00  6.9854269693E-01
                       7.0710678119E-01  7.0710678119E-01  0.0000000000E+00
natom    9  
ntypat   4  
  
            typat    1 1 4 2 2 2 2 2 3


znucl    55 53 40 17
             xred     2.5312900389E-01  2.5312900389E-01  2.4687099611E-01
                       7.5312900389E-01  7.5312900389E-01  7.4687099611E-01
                       2.1525724204E-01  2.1525724204E-01  7.8474275796E-01
                       7.5983483540E-01  7.5983483540E-01  2.4016516460E-01
                       2.4412488036E-01  7.6162114092E-01  7.5587511964E-01
                       7.6162114092E-01  2.4412488036E-01  7.5587511964E-01
                       2.4412488036E-01  7.6162114092E-01  2.3837885908E-01
                       7.6162114092E-01  2.4412488036E-01  2.3837885908E-01
                       7.1578721986E-03  7.1578721986E-03 -7.1578721986E-03
         
getxred1 0
getxred -1

diemac 12.0
ecut 16
pawecutdg 40
ixc -101130
kptopt 1
ngkpt 4 4 4
prtden 1
iscf 17
nstep 2500
prtwf 0
nshiftk 4
shiftk  0.5 0.5 0.5
        0.5 0.0 0.0
        0.0 0.5 0.0
        0.0 0.0 0.5
nband 42

toldff 1.0d-8
tolmxf 1.0d-5
ionmov 2
optcell 3
ecutsm 0.5
dilatmx 1.15
