ndtset 10
            acell1     1.4227912842E+01  1.4531856352E+01  1.4227912842E+01
            acell2     1.4213577389E+01  1.4516757407E+01  1.4213577389E+01
            acell3     1.4199246871E+01  1.4501537347E+01  1.4199246871E+01
            acell4     1.4184810505E+01  1.4486428321E+01  1.4184810505E+01
            acell5     1.4170290162E+01  1.4471690503E+01  1.4170290162E+01
            acell6     1.4155846873E+01  1.4456916394E+01  1.4155846873E+01
            acell7     1.4141517699E+01  1.4441377908E+01  1.4141517699E+01
            acell8     1.4127183297E+01  1.4425688122E+01  1.4127183297E+01
            acell9     1.4113078286E+01  1.4408854258E+01  1.4113078286E+01
            acell10    1.4098712405E+01  1.4392912486E+01  1.4098712405E+01

            rprim1     1.0876777230E-02  7.0276839615E-01  7.1133555872E-01
                       7.0710678119E-01  0.0000000000E+00  7.0710678119E-01
                       7.1133555872E-01  7.0276839615E-01  1.0876777230E-02
            rprim2     1.0841352264E-02  7.0275611139E-01  7.1134823608E-01
                       7.0710678119E-01  0.0000000000E+00  7.0710678119E-01
                       7.1134823608E-01  7.0275611139E-01  1.0841352264E-02
            rprim3     1.0800575447E-02  7.0274489517E-01  7.1135993694E-01
                       7.0710678119E-01  0.0000000000E+00  7.0710678119E-01
                       7.1135993694E-01  7.0274489517E-01  1.0800575447E-02
            rprim4     1.0754551667E-02  7.0271744633E-01  7.1138774958E-01
                       7.0710678119E-01  0.0000000000E+00  7.0710678119E-01
                       7.1138774958E-01  7.0271744633E-01  1.0754551667E-02
            rprim5     1.0717817296E-02  7.0267620651E-01  7.1142903877E-01
                       7.0710678119E-01  0.0000000000E+00  7.0710678119E-01
                       7.1142903877E-01  7.0267620651E-01  1.0717817296E-02
            rprim6     1.0686886133E-02  7.0264655412E-01  7.1145879041E-01
                       7.0710678119E-01  0.0000000000E+00  7.0710678119E-01
                       7.1145879041E-01  7.0264655412E-01  1.0686886133E-02
            rprim7     1.0630668238E-02  7.0263628083E-01  7.1146977853E-01
                       7.0710678119E-01  0.0000000000E+00  7.0710678119E-01
                       7.1146977853E-01  7.0263628083E-01  1.0630668238E-02
            rprim8     1.0566564137E-02  7.0262562655E-01  7.1148125529E-01
                       7.0710678119E-01  0.0000000000E+00  7.0710678119E-01
                       7.1148125529E-01  7.0262562655E-01  1.0566564137E-02
            rprim9     1.0470297084E-02  7.0265291239E-01  7.1145573129E-01
                       7.0710678119E-01  0.0000000000E+00  7.0710678119E-01
                       7.1145573129E-01  7.0265291239E-01  1.0470297084E-02
            rprim10    1.0390635475E-02  7.0263817314E-01  7.1147145574E-01
                       7.0710678119E-01  0.0000000000E+00  7.0710678119E-01
                       7.1147145574E-01  7.0263817314E-01  1.0390635475E-02
natom    9  
ntypat   4  
  
            typat    1 1 2 4 2 4 4 4 3 
       
znucl    55 53 40 17
             xred1     2.3182065028E-01  2.5771008470E-01  2.5275918032E-01
                       7.4724081968E-01  7.4228991530E-01  7.6817934972E-01
                       2.6504373661E-01  2.5553196246E-01  7.3495626339E-01
                       7.5976226780E-01  7.6548027447E-01  2.4023773220E-01
                       2.6504373661E-01  7.4446803754E-01  7.3495626339E-01
                       7.6148839699E-01  2.3251353221E-01  7.7348453859E-01
                       2.2651546141E-01  7.6748646779E-01  2.3851160301E-01
                       7.5976226780E-01  2.3451972553E-01  2.4023773220E-01
                      -1.6677337199E-02  6.1032778462E-19  1.6677337199E-02
             xred2     2.3177161482E-01  2.5777095153E-01  2.5268648212E-01
                       7.4731351788E-01  7.4222904847E-01  7.6822838518E-01
                       2.6520736002E-01  2.5561723772E-01  7.3479263998E-01
                       7.5957794773E-01  7.6520276060E-01  2.4042205227E-01
                       2.6520736002E-01  7.4438276228E-01  7.3479263998E-01
                       7.6130559034E-01  2.3273553494E-01  7.7322333977E-01
                       2.2677666023E-01  7.6726446506E-01  2.3869440966E-01
                       7.5957794773E-01  2.3479723940E-01  2.4042205227E-01
                      -1.6737998786E-02  6.5513903854E-19  1.6737998786E-02
             xred3     2.3184690150E-01  2.5770849831E-01  2.5273610188E-01
                       7.4726389812E-01  7.4229150169E-01  7.6815309850E-01
                       2.6535790853E-01  2.5574840942E-01  7.3464209147E-01
                       7.5938153339E-01  7.6494869096E-01  2.4061846661E-01
                       2.6535790853E-01  7.4425159058E-01  7.3464209147E-01
                       7.6113988652E-01  2.3294961213E-01  7.7296088921E-01
                       2.2703911079E-01  7.6705038787E-01  2.3886011348E-01
                       7.5938153339E-01  2.3505130904E-01  2.4061846661E-01
                      -1.6768680800E-02 -4.2413907294E-19  1.6768680800E-02
             xred4     2.3185892957E-01  2.5770736021E-01  2.5272635001E-01
                       7.4727364999E-01  7.4229263979E-01  7.6814107043E-01
                       2.6550674368E-01  2.5586178386E-01  7.3449325632E-01
                       7.5919957546E-01  7.6468679984E-01  2.4080042454E-01
                       2.6550674368E-01  7.4413821614E-01  7.3449325632E-01
                       7.6097318286E-01  2.3316218505E-01  7.7270244704E-01
                       2.2729755296E-01  7.6683781495E-01  2.3902681714E-01
                       7.5919957546E-01  2.3531320016E-01  2.4080042454E-01
                      -1.6815953683E-02  2.9143098877E-19  1.6815953683E-02
             xred5     2.3183426168E-01  2.5774788468E-01  2.5266996895E-01
                       7.4733003105E-01  7.4225211532E-01  7.6816573832E-01
                       2.6565933497E-01  2.5597618323E-01  7.3434066503E-01
                       7.5902281076E-01  7.6440928885E-01  2.4097718924E-01
                       2.6565933497E-01  7.4402381677E-01  7.3434066503E-01
                       7.6077735951E-01  2.3338443390E-01  7.7245377269E-01
                       2.2754622731E-01  7.6661556610E-01  2.3922264049E-01
                       7.5902281076E-01  2.3559071115E-01  2.4097718924E-01
                      -1.6852171030E-02 -1.2264684523E-19  1.6852171030E-02
             xred6     2.3178734050E-01  2.5780800444E-01  2.5259665062E-01
                       7.4740334938E-01  7.4219199556E-01  7.6821265950E-01
                       2.6583295210E-01  2.5606330387E-01  7.3416704790E-01
                       7.5883658530E-01  7.6413752532E-01  2.4116341470E-01
                       2.6583295210E-01  7.4393669613E-01  7.3416704790E-01
                       7.6057159442E-01  2.3361130275E-01  7.7220580009E-01
                       2.2779419991E-01  7.6638869725E-01  2.3942840558E-01
                       7.5883658530E-01  2.3586247468E-01  2.4116341470E-01
                      -1.6895559017E-02 -1.8833428201E-18  1.6895559017E-02
             xred7     2.3182942193E-01  2.5780048054E-01  2.5256961699E-01
                       7.4743038301E-01  7.4219951946E-01  7.6817057807E-01
                       2.6597988841E-01  2.5617300158E-01  7.3402011159E-01
                       7.5865143956E-01  7.6384820312E-01  2.4134856044E-01
                       2.6597988841E-01  7.4382699842E-01  7.3402011159E-01
                       7.6039026662E-01  2.3382311790E-01  7.7196349759E-01
                       2.2803650241E-01  7.6617688210E-01  2.3960973338E-01
                       7.5865143956E-01  2.3615179688E-01  2.4134856044E-01
                      -1.6949229919E-02 -1.1196199352E-18  1.6949229919E-02
             xred8     2.3184341719E-01  2.5782224081E-01  2.5251210118E-01
                       7.4748789882E-01  7.4217775919E-01  7.6815658281E-01
                       2.6615470289E-01  2.5625050213E-01  7.3384529711E-01
                       7.5848407849E-01  7.6354860025E-01  2.4151592151E-01
                       2.6615470289E-01  7.4374949787E-01  7.3384529711E-01
                       7.6016629309E-01  2.3403082527E-01  7.7177205636E-01
                       2.2822794364E-01  7.6596917473E-01  2.3983370691E-01
                       7.5848407849E-01  2.3645139975E-01  2.4151592151E-01
                      -1.7003115518E-02 -4.8959936323E-20  1.7003115518E-02
             xred9     2.3195548537E-01  2.5776637520E-01  2.5251176423E-01
                       7.4748823577E-01  7.4223362480E-01  7.6804451463E-01
                       2.6628884790E-01  2.5637051017E-01  7.3371115210E-01
                       7.5831637738E-01  7.6321733444E-01  2.4168362262E-01
                       2.6628884790E-01  7.4362948983E-01  7.3371115210E-01
                       7.5997761813E-01  2.3422885410E-01  7.7156467368E-01
                       2.2843532632E-01  7.6577114590E-01  2.4002238187E-01
                       7.5831637738E-01  2.3678266556E-01  2.4168362262E-01
                      -1.7067116169E-02  1.4538735708E-19  1.7067116169E-02
             xred10    2.3202317950E-01  2.5774772145E-01  2.5248137760E-01
                       7.4751862240E-01  7.4225227855E-01  7.6797682050E-01
                       2.6643184618E-01  2.5646720073E-01  7.3356815382E-01
                       7.5815737192E-01  7.6289704620E-01  2.4184262808E-01
                       2.6643184618E-01  7.4353279927E-01  7.3356815382E-01
                       7.5976800213E-01  2.3443904592E-01  7.7135390604E-01
                       2.2864609396E-01  7.6556095408E-01  2.4023199787E-01
                       7.5815737192E-01  2.3710295380E-01  2.4184262808E-01
                      -1.7134334211E-02 -7.6290908099E-19  1.7134334211E-02
         
diemac 12.0
ecut 16
pawecutdg 40
ixc -101130
kptopt 1
ngkpt 4 4 4
prtden 1
iscf 17
nstep 2500
prtwf 0
nshiftk 4
shiftk  0.5 0.5 0.5
        0.5 0.0 0.0
        0.0 0.5 0.0
        0.0 0.0 0.5
nband 42

toldff 1.0d-8
tolmxf 1.0d-5
ionmov 2
optcell 3
ecutsm 0.5
dilatmx 1.15
