ndtset 10
            acell1     1.5671682240E+01  1.5855459892E+01  1.5671682240E+01
            acell2     1.5512180468E+01  1.5697923498E+01  1.5512180468E+01
            acell3     1.5353137462E+01  1.5539389688E+01  1.5353137462E+01
            acell4     1.5193105742E+01  1.5383021755E+01  1.5193105742E+01
            acell5     1.5032113916E+01  1.5228775339E+01  1.5032113916E+01
            acell6     1.4869087620E+01  1.5079059827E+01  1.4869087620E+01
            acell7     1.4707047443E+01  1.4927227947E+01  1.4707047443E+01
            acell8     1.4543229348E+01  1.4779454768E+01  1.4543229348E+01
            acell9     1.4380173881E+01  1.4630075627E+01  1.4380173881E+01
            acell10    1.4217816091E+01  1.4479199330E+01  1.4217816091E+01

            rprim1     0.0000000000E+00  6.9871632850E-01  7.1539883442E-01
                       7.0710678119E-01  0.0000000000E+00  7.0710678119E-01
                       7.1539883442E-01  6.9871632850E-01  0.0000000000E+00
            rprim2     0.0000000000E+00  6.9853725732E-01  7.1557368603E-01
                       7.0710678119E-01  0.0000000000E+00  7.0710678119E-01
                       7.1557368603E-01  6.9853725732E-01  0.0000000000E+00
            rprim3     0.0000000000E+00  6.9842336796E-01  7.1568484621E-01
                       7.0710678119E-01  0.0000000000E+00  7.0710678119E-01
                       7.1568484621E-01  6.9842336796E-01  0.0000000000E+00
            rprim4     0.0000000000E+00  6.9815594891E-01  7.1594571791E-01
                       7.0710678119E-01  0.0000000000E+00  7.0710678119E-01
                       7.1594571791E-01  6.9815594891E-01  0.0000000000E+00
            rprim5     0.0000000000E+00  6.9773323591E-01  7.1635768405E-01
                       7.0710678119E-01  0.0000000000E+00  7.0710678119E-01
                       7.1635768405E-01  6.9773323591E-01  0.0000000000E+00
            rprim6     0.0000000000E+00  6.9697840831E-01  7.1709211288E-01
                       7.0710678119E-01  0.0000000000E+00  7.0710678119E-01
                       7.1709211288E-01  6.9697840831E-01  0.0000000000E+00
            rprim7     0.0000000000E+00  6.9635970955E-01  7.1769293915E-01
                       7.0710678119E-01  0.0000000000E+00  7.0710678119E-01
                       7.1769293915E-01  6.9635970955E-01  0.0000000000E+00
            rprim8     0.0000000000E+00  6.9543159277E-01  7.1859230428E-01
                       7.0710678119E-01  0.0000000000E+00  7.0710678119E-01
                       7.1859230428E-01  6.9543159277E-01  0.0000000000E+00
            rprim9     0.0000000000E+00  6.9460116930E-01  7.1939503446E-01
                       7.0710678119E-01  0.0000000000E+00  7.0710678119E-01
                       7.1939503446E-01  6.9460116930E-01  0.0000000000E+00
            rprim10    0.0000000000E+00  6.9386367972E-01  7.2010637684E-01
                       7.0710678119E-01  0.0000000000E+00  7.0710678119E-01
                       7.2010637684E-01  6.9386367972E-01  0.0000000000E+00
natom    9
ntypat   4 
typat 1 1 4 2 2 2 2 2 3   
znucl    55 53 72 17
             xred1     2.4781017865E-01  2.5218982135E-01  2.4781017865E-01
                       7.4781017865E-01  7.5218982135E-01  7.4781017865E-01
                       7.8510170213E-01  2.1489829787E-01  7.8510170213E-01
                       2.3971639922E-01  2.4408831519E-01  7.5591168481E-01
                       7.5591168481E-01  7.6028360078E-01  2.3971639922E-01
                       2.4153163247E-01  7.5846836753E-01  2.4153163247E-01
                       2.3971639922E-01  7.6028360078E-01  7.5591168481E-01
                       7.5591168481E-01  2.4408831519E-01  2.3971639922E-01
                      -6.4856809608E-03  6.4856809608E-03 -6.4856809608E-03
             xred2     2.4790518583E-01  2.5209481417E-01  2.4790518583E-01
                       7.4790518583E-01  7.5209481417E-01  7.4790518583E-01
                       7.8252531317E-01  2.1747468683E-01  7.8252531317E-01
                       2.4195315167E-01  2.4589973226E-01  7.5410026774E-01
                       7.5410026774E-01  7.5804684833E-01  2.4195315167E-01
                       2.4337994065E-01  7.5662005935E-01  2.4337994065E-01
                       2.4195315167E-01  7.5804684833E-01  7.5410026774E-01
                       7.5410026774E-01  2.4589973226E-01  2.4195315167E-01
                      -6.7982853012E-03  6.7982853012E-03 -6.7982853012E-03
             xred3     2.4797268650E-01  2.5202731350E-01  2.4797268650E-01
                       7.4797268650E-01  7.5202731350E-01  7.4797268650E-01
                       7.7990978814E-01  2.2009021186E-01  7.7990978814E-01
                       2.4421587988E-01  2.4762677089E-01  7.5237322911E-01
                       7.5237322911E-01  7.5578412012E-01  2.4421587988E-01
                       2.4513286968E-01  7.5486713032E-01  2.4513286968E-01
                       2.4421587988E-01  7.5578412012E-01  7.5237322911E-01
                       7.5237322911E-01  2.4762677089E-01  2.4421587988E-01
                      -7.1420697937E-03  7.1420697937E-03 -7.1420697937E-03
             xred4     2.4816283093E-01  2.5183716907E-01  2.4816283093E-01
                       7.4816283093E-01  7.5183716907E-01  7.4816283093E-01
                       7.7708375150E-01  2.2291624850E-01  7.7708375150E-01
                       2.4644764303E-01  2.4925290174E-01  7.5074709826E-01
                       7.5074709826E-01  7.5355235697E-01  2.4644764303E-01
                       2.4682622466E-01  7.5317377534E-01  2.4682622466E-01
                       2.4644764303E-01  7.5355235697E-01  7.5074709826E-01
                       7.5074709826E-01  2.4925290174E-01  2.4644764303E-01
                      -7.6009416066E-03  7.6009416066E-03 -7.6009416066E-03
             xred5     2.4826643452E-01  2.5173356548E-01  2.4826643452E-01
                       7.4826643452E-01  7.5173356548E-01  7.4826643452E-01
                       7.7426354176E-01  2.2573645824E-01  7.7426354176E-01
                       2.4862167900E-01  2.5077800727E-01  7.4922199273E-01
                       7.4922199273E-01  7.5137832100E-01  2.4862167900E-01
                       2.4854385857E-01  7.5145614143E-01  2.4854385857E-01
                       2.4862167900E-01  7.5137832100E-01  7.4922199273E-01
                       7.4922199273E-01  2.5077800727E-01  2.4862167900E-01
                      -8.0034338518E-03  8.0034338518E-03 -8.0034338518E-03
             xred6     2.4864735844E-01  2.5135264156E-01  2.4864735844E-01
                       7.4864735844E-01  7.5135264156E-01  7.4864735844E-01
                       7.7095673416E-01  2.2904326584E-01  7.7095673416E-01
                       2.5074429555E-01  2.5208044192E-01  7.4791955808E-01
                       7.4791955808E-01  7.4925570445E-01  2.5074429555E-01
                       2.5015374583E-01  7.4984625417E-01  2.5015374583E-01
                       2.5074429555E-01  7.4925570445E-01  7.4791955808E-01
                       7.4791955808E-01  2.5208044192E-01  2.5074429555E-01
                      -8.7087251132E-03  8.7087251132E-03 -8.7087251132E-03
             xred7     2.4883546690E-01  2.5116453310E-01  2.4883546690E-01
                       7.4883546690E-01  7.5116453310E-01  7.4883546690E-01
                       7.6785151558E-01  2.3214848442E-01  7.6785151558E-01
                       2.5285170374E-01  2.5330375113E-01  7.4669624887E-01
                       7.4669624887E-01  7.4714829626E-01  2.5285170374E-01
                       2.5171279682E-01  7.4828720318E-01  2.5171279682E-01
                       2.5285170374E-01  7.4714829626E-01  7.4669624887E-01
                       7.4669624887E-01  2.5330375113E-01  2.5285170374E-01
                      -9.3069724099E-03  9.3069724099E-03 -9.3069724099E-03
             xred8     2.4921236681E-01  2.5078763319E-01  2.4921236681E-01
                       7.4921236681E-01  7.5078763319E-01  7.4921236681E-01
                       7.6439531416E-01  2.3560468584E-01  7.6439531416E-01
                       2.5488421764E-01  2.5434112071E-01  7.4565887929E-01
                       7.4565887929E-01  7.4511578236E-01  2.5488421764E-01
                       2.5321168295E-01  7.4678831705E-01  2.5321168295E-01
                       2.5488421764E-01  7.4511578236E-01  7.4565887929E-01
                       7.4565887929E-01  2.5434112071E-01  2.5488421764E-01
                      -1.0093745586E-02  1.0093745586E-02 -1.0093745586E-02
             xred9     2.4960980821E-01  2.5039019179E-01  2.4960980821E-01
                       7.4960980821E-01  7.5039019179E-01  7.4960980821E-01
                       7.6098266770E-01  2.3901733230E-01  7.6098266770E-01
                       2.5687516170E-01  2.5527515956E-01  7.4472484044E-01
                       7.4472484044E-01  7.4312483830E-01  2.5687516170E-01
                       2.5458012190E-01  7.4541987810E-01  2.5458012190E-01
                       2.5687516170E-01  7.4312483830E-01  7.4472484044E-01
                       7.4472484044E-01  2.5527515956E-01  2.5687516170E-01
                      -1.0958231293E-02  1.0958231293E-02 -1.0958231293E-02
             xred10    2.5003853312E-01  2.4996146688E-01  2.5003853312E-01
                       7.5003853312E-01  7.4996146688E-01  7.5003853312E-01
                       7.5757212235E-01  2.4242787765E-01  7.5757212235E-01
                       2.5883585018E-01  2.5609598920E-01  7.4390401080E-01
                       7.4390401080E-01  7.4116414982E-01  2.5883585018E-01
                       2.5580609379E-01  7.4419390621E-01  2.5580609379E-01
                       2.5883585018E-01  7.4116414982E-01  7.4390401080E-01
                       7.4390401080E-01  2.5609598920E-01  2.5883585018E-01
                      -1.1910825350E-02  1.1910825350E-02 -1.1910825350E-02
         
diemac 12.0
ecut 16
pawecutdg 40
ixc -101130
kptopt 1
ngkpt 12 12 12
prtden 1
iscf 17
nstep 2500
prtwf 0
nshiftk 1
shiftk 0 0 0
nband 42
toldfe 1.0d-8
