ndtset 10
acell1 14.700990451842 15.026998162797 14.700990451842
acell2 14.686274745684 15.011956122594 14.686274745684
acell3 14.671559039526 14.996914082391 14.671559039526
acell4 14.656843333368 14.981872042188 14.656843333368
acell5 14.64212762721 14.966830001985 14.64212762721
acell6 14.627411921052 14.951787961782 14.627411921052
acell7 14.612696214894 14.936745921579 14.612696214894
acell8 14.597980508736 14.921703881376 14.597980508736
acell9 14.583264802578 14.906661841173 14.583264802578
acell10 14.56854909642 14.89161980097 14.56854909642

            rprim      0.0000000000E+00  6.9107033908E-01  7.2278751126E-01
                       7.0710678119E-01  0.0000000000E+00  7.0710678119E-01
                       7.2278751126E-01  6.9107033908E-01  0.0000000000E+00

natom    9  
ntypat   4  

typat 1 1 4 2 2 4 2 2 3  
      
znucl    55 53 72 35
             xred      2.5000072920E-01  2.4999927080E-01  2.5000072920E-01
                       7.5000072920E-01  7.4999927080E-01  7.5000072920E-01
                       7.5955772022E-01  2.4044227978E-01  7.5955772022E-01
                       2.5242831083E-01  2.5242776797E-01  7.4757223203E-01
                       7.4757223203E-01  7.4757168917E-01  2.5242831083E-01
                       2.4044260863E-01  7.5955739137E-01  2.4044260863E-01
                       2.5242831083E-01  7.4757168917E-01  7.4757223203E-01
                       7.4757223203E-01  2.5242776797E-01  2.5242831083E-01
                       3.2704810504E-07 -3.2704810505E-07  3.2704810504E-07

getxred1 0
getxred -1

diemac 12.0
ecut 16
pawecutdg 40
ixc -101130
kptopt 1
ngkpt 4 4 4
prtden 1
iscf 17
nstep 2500
prtwf 0
nshiftk 4
shiftk  0.5 0.5 0.5
        0.5 0.0 0.0
        0.0 0.5 0.0
        0.0 0.0 0.5
nband 42

toldff 1.0d-8
tolmxf 1.0d-5
ionmov 2
optcell 3
ecutsm 0.5
dilatmx 1.15
