ndtset 9
acell1 15.066878342004 15.066878342004 15.066878342004
acell2 15.050832678168 15.050832678168 15.050832678168
acell3 15.034787014332 15.034787014332 15.034787014332
acell4 15.018741350496 15.018741350496 15.018741350496
acell5 15.00269568666 15.00269568666 15.00269568666
acell6 14.986650022824 14.986650022824 14.986650022824
acell7 14.970604358988 14.970604358988 14.970604358988
acell8 14.954558695152 14.954558695152 14.954558695152
acell9 14.938513031316 14.938513031316 14.938513031316


            rprim      0.0000000000E+00  7.0710678119E-01  7.0710678119E-01
                       7.0710678119E-01  0.0000000000E+00  7.0710678119E-01
                       7.0710678119E-01  7.0710678119E-01  0.0000000000E+00
natom    9  
ntypat   3  
typat    1 1 2 2 2 2 2 2 3  
znucl    55 53 72  
             xred1     2.5000000000E-01  2.5000000000E-01  2.5000000000E-01
                       7.5000000000E-01  7.5000000000E-01  7.5000000000E-01
                       7.4929073508E-01  2.5070926492E-01  7.4929073508E-01
                       2.5070926492E-01  2.5070926492E-01  7.4929073508E-01
                       7.4929073508E-01  7.4929073508E-01  2.5070926492E-01
                       2.5070926492E-01  7.4929073508E-01  2.5070926492E-01
                       2.5070926492E-01  7.4929073508E-01  7.4929073508E-01
                       7.4929073508E-01  2.5070926492E-01  2.5070926492E-01
                       7.4649020348E-22  1.8792081786E-20 -1.3273669163E-20
             xred2     2.5000000000E-01  2.5000000000E-01  2.5000000000E-01
                       7.5000000000E-01  7.5000000000E-01  7.5000000000E-01
                       7.4910851884E-01  2.5089148116E-01  7.4910851884E-01
                       2.5089148116E-01  2.5089148116E-01  7.4910851884E-01
                       7.4910851884E-01  7.4910851884E-01  2.5089148116E-01
                       2.5089148116E-01  7.4910851884E-01  2.5089148116E-01
                       2.5089148116E-01  7.4910851884E-01  7.4910851884E-01
                       7.4910851884E-01  2.5089148116E-01  2.5089148116E-01
                      -4.0465171311E-21  1.4043597330E-20 -2.3086265092E-20
             xred3     2.5000000000E-01  2.5000000000E-01  2.5000000000E-01
                       7.5000000000E-01  7.5000000000E-01  7.5000000000E-01
                       7.4892757208E-01  2.5107242792E-01  7.4892757208E-01
                       2.5107242792E-01  2.5107242792E-01  7.4892757208E-01
                       7.4892757208E-01  7.4892757208E-01  2.5107242792E-01
                       2.5107242792E-01  7.4892757208E-01  2.5107242792E-01
                       2.5107242792E-01  7.4892757208E-01  7.4892757208E-01
                       7.4892757208E-01  2.5107242792E-01  2.5107242792E-01
                       4.4914680573E-21  1.8228231789E-20 -2.0816064078E-20
             xred4     2.5000000000E-01  2.5000000000E-01  2.5000000000E-01
                       7.5000000000E-01  7.5000000000E-01  7.5000000000E-01
                       7.4874511346E-01  2.5125488654E-01  7.4874511346E-01
                       2.5125488654E-01  2.5125488654E-01  7.4874511346E-01
                       7.4874511346E-01  7.4874511346E-01  2.5125488654E-01
                       2.5125488654E-01  7.4874511346E-01  2.5125488654E-01
                       2.5125488654E-01  7.4874511346E-01  7.4874511346E-01
                       7.4874511346E-01  2.5125488654E-01  2.5125488654E-01
                       8.2186164905E-21  6.1829294968E-21 -4.0505103239E-20
             xred5     2.5000000000E-01  2.5000000000E-01  2.5000000000E-01
                       7.5000000000E-01  7.5000000000E-01  7.5000000000E-01
                       7.4856614225E-01  2.5143385775E-01  7.4856614225E-01
                       2.5143385775E-01  2.5143385775E-01  7.4856614225E-01
                       7.4856614225E-01  7.4856614225E-01  2.5143385775E-01
                       2.5143385775E-01  7.4856614225E-01  2.5143385775E-01
                       2.5143385775E-01  7.4856614225E-01  7.4856614225E-01
                       7.4856614225E-01  2.5143385775E-01  2.5143385775E-01
                      -3.9637433793E-20  1.5826442915E-20  6.2516981843E-20
             xred6     2.5000000000E-01  2.5000000000E-01  2.5000000000E-01
                       7.5000000000E-01  7.5000000000E-01  7.5000000000E-01
                       7.4838871463E-01  2.5161128537E-01  7.4838871463E-01
                       2.5161128537E-01  2.5161128537E-01  7.4838871463E-01
                       7.4838871463E-01  7.4838871463E-01  2.5161128537E-01
                       2.5161128537E-01  7.4838871463E-01  2.5161128537E-01
                       2.5161128537E-01  7.4838871463E-01  7.4838871463E-01
                       7.4838871463E-01  2.5161128537E-01  2.5161128537E-01
                       3.4965198591E-20  1.0190968766E-20  2.9160590266E-20
             xred7     2.5000000000E-01  2.5000000000E-01  2.5000000000E-01
                       7.5000000000E-01  7.5000000000E-01  7.5000000000E-01
                       7.4821307849E-01  2.5178692151E-01  7.4821307849E-01
                       2.5178692151E-01  2.5178692151E-01  7.4821307849E-01
                       7.4821307849E-01  7.4821307849E-01  2.5178692151E-01
                       2.5178692151E-01  7.4821307849E-01  2.5178692151E-01
                       2.5178692151E-01  7.4821307849E-01  7.4821307849E-01
                       7.4821307849E-01  2.5178692151E-01  2.5178692151E-01
                      -7.9910488005E-21  6.5295010033E-21  8.1976941531E-21
             xred8     2.5000000000E-01  2.5000000000E-01  2.5000000000E-01
                       7.5000000000E-01  7.5000000000E-01  7.5000000000E-01
                       7.4803723572E-01  2.5196276428E-01  7.4803723572E-01
                       2.5196276428E-01  2.5196276428E-01  7.4803723572E-01
                       7.4803723572E-01  7.4803723572E-01  2.5196276428E-01
                       2.5196276428E-01  7.4803723572E-01  2.5196276428E-01
                       2.5196276428E-01  7.4803723572E-01  7.4803723572E-01
                       7.4803723572E-01  2.5196276428E-01  2.5196276428E-01
                       6.4465477396E-21  1.0430599286E-20 -9.2528869709E-21
             xred9     2.5000000000E-01  2.5000000000E-01  2.5000000000E-01
                       7.5000000000E-01  7.5000000000E-01  7.5000000000E-01
                       7.4786238210E-01  2.5213761790E-01  7.4786238210E-01
                       2.5213761790E-01  2.5213761790E-01  7.4786238210E-01
                       7.4786238210E-01  7.4786238210E-01  2.5213761790E-01
                       2.5213761790E-01  7.4786238210E-01  2.5213761790E-01
                       2.5213761790E-01  7.4786238210E-01  7.4786238210E-01
                       7.4786238210E-01  2.5213761790E-01  2.5213761790E-01
                       6.7524786638E-21 -1.1001143366E-20  4.2713003874E-21
         
diemac 12.0
ecut 16
pawecutdg 40
ixc -101130
kptopt 1
ngkpt 12 12 12
prtden 1
iscf 17
nstep 2500
prtwf 0
nshiftk 1
shiftk 0 0 0
nband 42
toldfe 1.0d-8
