ndtset 10
            acell1     1.5243583039E+01  1.5269542633E+01  1.5243583039E+01
            acell2     1.5084511772E+01  1.5125656518E+01  1.5084511772E+01
            acell3     1.4927853509E+01  1.4976899811E+01  1.4927853509E+01
            acell4     1.4771417205E+01  1.4827709763E+01  1.4771417205E+01
            acell5     1.4619649485E+01  1.4668943890E+01  1.4619649485E+01
            acell6     1.4467512163E+01  1.4510946620E+01  1.4467512163E+01
            acell7     1.4318558287E+01  1.4346488586E+01  1.4318558287E+01
            acell8     1.4170552447E+01  1.4180200282E+01  1.4170552447E+01
            acell9     1.4023560827E+01  1.4012002461E+01  1.4023560827E+01
            acell10    1.3877174939E+01  1.3842762684E+01  1.3877174939E+01

            rprim1     0.0000000000E+00  7.0590053462E-01  7.0831097353E-01
                       7.0710678119E-01  0.0000000000E+00  7.0710678119E-01
                       7.0831097353E-01  7.0590053462E-01  0.0000000000E+00
            rprim2     0.0000000000E+00  7.0517279064E-01  7.0903549653E-01
                       7.0710678119E-01  0.0000000000E+00  7.0710678119E-01
                       7.0903549653E-01  7.0517279064E-01  0.0000000000E+00
            rprim3     0.0000000000E+00  7.0477588372E-01  7.0943002032E-01
                       7.0710678119E-01  0.0000000000E+00  7.0710678119E-01
                       7.0943002032E-01  7.0477588372E-01  0.0000000000E+00
            rprim4     0.0000000000E+00  7.0440175136E-01  7.0980150231E-01
                       7.0710678119E-01  0.0000000000E+00  7.0710678119E-01
                       7.0980150231E-01  7.0440175136E-01  0.0000000000E+00
            rprim5     0.0000000000E+00  7.0471449841E-01  7.0949099764E-01
                       7.0710678119E-01  0.0000000000E+00  7.0710678119E-01
                       7.0949099764E-01  7.0471449841E-01  0.0000000000E+00
            rprim6     0.0000000000E+00  7.0497750814E-01  7.0922966169E-01
                       7.0710678119E-01  0.0000000000E+00  7.0710678119E-01
                       7.0922966169E-01  7.0497750814E-01  0.0000000000E+00
            rprim7     0.0000000000E+00  7.0572477724E-01  7.0848608935E-01
                       7.0710678119E-01  0.0000000000E+00  7.0710678119E-01
                       7.0848608935E-01  7.0572477724E-01  0.0000000000E+00
            rprim8     0.0000000000E+00  7.0662502875E-01  7.0758820563E-01
                       7.0710678119E-01  0.0000000000E+00  7.0710678119E-01
                       7.0758820563E-01  7.0662502875E-01  0.0000000000E+00
            rprim9     0.0000000000E+00  7.0768910600E-01  7.0652397642E-01
                       7.0710678119E-01  0.0000000000E+00  7.0710678119E-01
                       7.0652397642E-01  7.0768910600E-01  0.0000000000E+00
            rprim10    0.0000000000E+00  7.0885590859E-01  7.0535331633E-01
                       7.0710678119E-01  0.0000000000E+00  7.0710678119E-01
                       7.0535331633E-01  7.0885590859E-01  0.0000000000E+00
natom    9  
ntypat   4  
typat    1 1 2 4 4 2 4 4 3        
znucl    55 53 72 35
             xred1     2.5000000000E-01  2.5000000000E-01  2.5000000000E-01
                       7.5000000000E-01  7.5000000000E-01  7.5000000000E-01
                       7.4707268874E-01  2.5292731126E-01  7.4707268874E-01
                       2.2901686795E-01  2.2901686795E-01  7.7098313205E-01
                       7.7098313205E-01  7.7098313205E-01  2.2901686795E-01
                       2.5292731126E-01  7.4707268874E-01  2.5292731126E-01
                       2.2901686795E-01  7.7098313205E-01  7.7098313205E-01
                       7.7098313205E-01  2.2901686795E-01  2.2901686795E-01
                      -1.2257796773E-22 -1.7161151564E-22  2.3170799625E-22
             xred2     2.5000000000E-01  2.5000000000E-01  2.5000000000E-01
                       7.5000000000E-01  7.5000000000E-01  7.5000000000E-01
                       7.4472836954E-01  2.5527163046E-01  7.4472836954E-01
                       2.3103486961E-01  2.3103486961E-01  7.6896513039E-01
                       7.6896513039E-01  7.6896513039E-01  2.3103486961E-01
                       2.5527163046E-01  7.4472836954E-01  2.5527163046E-01
                       2.3103486961E-01  7.6896513039E-01  7.6896513039E-01
                       7.6896513039E-01  2.3103486961E-01  2.3103486961E-01
                       3.9712337183E-22  6.6886958507E-22 -4.8459597678E-22
             xred3     2.5000000000E-01  2.5000000000E-01  2.5000000000E-01
                       7.5000000000E-01  7.5000000000E-01  7.5000000000E-01
                       7.4255725845E-01  2.5744274155E-01  7.4255725845E-01
                       2.3311891310E-01  2.3311891310E-01  7.6688108690E-01
                       7.6688108690E-01  7.6688108690E-01  2.3311891310E-01
                       2.5744274155E-01  7.4255725845E-01  2.5744274155E-01
                       2.3311891310E-01  7.6688108690E-01  7.6688108690E-01
                       7.6688108690E-01  2.3311891310E-01  2.3311891310E-01
                      -3.7266788963E-22  4.7231854994E-22  4.7635284605E-23
             xred4     2.5000000000E-01  2.5000000000E-01  2.5000000000E-01
                       7.5000000000E-01  7.5000000000E-01  7.5000000000E-01
                       7.4043010167E-01  2.5956989833E-01  7.4043010167E-01
                       2.3517447830E-01  2.3517447830E-01  7.6482552170E-01
                       7.6482552170E-01  7.6482552170E-01  2.3517447830E-01
                       2.5956989833E-01  7.4043010167E-01  2.5956989833E-01
                       2.3517447830E-01  7.6482552170E-01  7.6482552170E-01
                       7.6482552170E-01  2.3517447830E-01  2.3517447830E-01
                      -2.5236613091E-22  3.3688679254E-22  2.4529674322E-22
             xred5     2.5000000000E-01  2.5000000000E-01  2.5000000000E-01
                       7.5000000000E-01  7.5000000000E-01  7.5000000000E-01
                       7.3868713422E-01  2.6131286578E-01  7.3868713422E-01
                       2.3737345946E-01  2.3737345946E-01  7.6262654054E-01
                       7.6262654054E-01  7.6262654054E-01  2.3737345946E-01
                       2.6131286578E-01  7.3868713422E-01  2.6131286578E-01
                       2.3737345946E-01  7.6262654054E-01  7.6262654054E-01
                       7.6262654054E-01  2.3737345946E-01  2.3737345946E-01
                      -5.7472489725E-22  1.1961398034E-21 -4.7079764978E-22
             xred6     2.5000000000E-01  2.5000000000E-01  2.5000000000E-01
                       7.5000000000E-01  7.5000000000E-01  7.5000000000E-01
                       7.3699403586E-01  2.6300596414E-01  7.3699403586E-01
                       2.3953574205E-01  2.3953574205E-01  7.6046425795E-01
                       7.6046425795E-01  7.6046425795E-01  2.3953574205E-01
                       2.6300596414E-01  7.3699403586E-01  2.6300596414E-01
                       2.3953574205E-01  7.6046425795E-01  7.6046425795E-01
                       7.6046425795E-01  2.3953574205E-01  2.3953574205E-01
                      -4.7553031650E-23  3.3855495096E-23  6.5134060560E-23
             xred7     2.5000000000E-01  2.5000000000E-01  2.5000000000E-01
                       7.5000000000E-01  7.5000000000E-01  7.5000000000E-01
                       7.3561071207E-01  2.6438928793E-01  7.3561071207E-01
                       2.4175943390E-01  2.4175943390E-01  7.5824056610E-01
                       7.5824056610E-01  7.5824056610E-01  2.4175943390E-01
                       2.6438928793E-01  7.3561071207E-01  2.6438928793E-01
                       2.4175943390E-01  7.5824056610E-01  7.5824056610E-01
                       7.5824056610E-01  2.4175943390E-01  2.4175943390E-01
                      -2.4550683649E-23 -2.7384322530E-24  6.2158772608E-23
             xred8     2.5000000000E-01  2.5000000000E-01  2.5000000000E-01
                       7.5000000000E-01  7.5000000000E-01  7.5000000000E-01
                       7.3438426603E-01  2.6561573397E-01  7.3438426603E-01
                       2.4398128169E-01  2.4398128169E-01  7.5601871831E-01
                       7.5601871831E-01  7.5601871831E-01  2.4398128169E-01
                       2.6561573397E-01  7.3438426603E-01  2.6561573397E-01
                       2.4398128169E-01  7.5601871831E-01  7.5601871831E-01
                       7.5601871831E-01  2.4398128169E-01  2.4398128169E-01
                      -2.8159856169E-22 -1.6421188357E-22  1.3375789348E-22
             xred9     2.5000000000E-01  2.5000000000E-01  2.5000000000E-01
                       7.5000000000E-01  7.5000000000E-01  7.5000000000E-01
                       7.3333222619E-01  2.6666777381E-01  7.3333222619E-01
                       2.4618435346E-01  2.4618435346E-01  7.5381564654E-01
                       7.5381564654E-01  7.5381564654E-01  2.4618435346E-01
                       2.6666777381E-01  7.3333222619E-01  2.6666777381E-01
                       2.4618435346E-01  7.5381564654E-01  7.5381564654E-01
                       7.5381564654E-01  2.4618435346E-01  2.4618435346E-01
                       4.3330402817E-23  2.3483736864E-22 -8.4970898623E-23
             xred10    2.5000000000E-01  2.5000000000E-01  2.5000000000E-01
                       7.5000000000E-01  7.5000000000E-01  7.5000000000E-01
                       7.3243167360E-01  2.6756832640E-01  7.3243167360E-01
                       2.4835179919E-01  2.4835179919E-01  7.5164820081E-01
                       7.5164820081E-01  7.5164820081E-01  2.4835179919E-01
                       2.6756832640E-01  7.3243167360E-01  2.6756832640E-01
                       2.4835179919E-01  7.5164820081E-01  7.5164820081E-01
                       7.5164820081E-01  2.4835179919E-01  2.4835179919E-01
                       9.0466223815E-22  3.9890602390E-22 -1.4220548695E-21
        
getxred1 0
getxred -1

diemac 12.0
ecut 16
pawecutdg 40
ixc -101130
kptopt 1
ngkpt 4 4 4
prtden 1
iscf 17
nstep 2500
prtwf 0
nshiftk 4
shiftk  0.5 0.5 0.5
        0.5 0.0 0.0
        0.0 0.5 0.0
        0.0 0.0 0.5
nband 42

toldff 1.0d-8
tolmxf 1.0d-6
ionmov 2
optcell 3
ecutsm 0.5
dilatmx 1.15
