ndtset 10
            acell1     1.3393892289E+01  1.3393892289E+01  1.3393892289E+01
            acell2     1.3380484990E+01  1.3380484990E+01  1.3380484990E+01
            acell3     1.3367077690E+01  1.3367077690E+01  1.3367077690E+01
            acell4     1.3353670391E+01  1.3353670391E+01  1.3353670391E+01
            acell5     1.3340263091E+01  1.3340263091E+01  1.3340263091E+01
            acell6     1.3326855791E+01  1.3326855791E+01  1.3326855791E+01
            acell7     1.3313448492E+01  1.3313448492E+01  1.3313448492E+01
            acell8     1.3300041192E+01  1.3300041192E+01  1.3300041192E+01
            acell9     1.3286633893E+01  1.3286633893E+01  1.3286633893E+01
            acell10    1.3273226593E+01  1.3273226593E+01  1.3273226593E+01

            rprim      0.0000000000E+00  7.0710678119E-01  7.0710678119E-01
                       7.0710678119E-01  0.0000000000E+00  7.0710678119E-01
                       7.0710678119E-01  7.0710678119E-01  0.0000000000E+00
natom    9  
ntypat   3
  
typat  1 1 2 2 2 2 2 2 3 

znucl    55 17 40

             xred1     2.5000000000E-01  2.5000000000E-01  2.5000000000E-01
                       7.5000000000E-01  7.5000000000E-01  7.5000000000E-01
                       2.4584930858E-01  2.4584930858E-01  7.5415069142E-01
                       7.5415069142E-01  7.5415069142E-01  2.4584930858E-01
                       2.4584930858E-01  7.5415069142E-01  7.5415069142E-01
                       7.5415069142E-01  2.4584930858E-01  7.5415069142E-01
                       2.4584930858E-01  7.5415069142E-01  2.4584930858E-01
                       7.5415069142E-01  2.4584930858E-01  2.4584930858E-01
                       6.3382804055E-19 -4.8566716513E-19  2.3486513281E-19
             xred2     2.5000000000E-01  2.5000000000E-01  2.5000000000E-01
                       7.5000000000E-01  7.5000000000E-01  7.5000000000E-01
                       2.4604705282E-01  2.4604705282E-01  7.5395294718E-01
                       7.5395294718E-01  7.5395294718E-01  2.4604705282E-01
                       2.4604705282E-01  7.5395294718E-01  7.5395294718E-01
                       7.5395294718E-01  2.4604705282E-01  7.5395294718E-01
                       2.4604705282E-01  7.5395294718E-01  2.4604705282E-01
                       7.5395294718E-01  2.4604705282E-01  2.4604705282E-01
                       6.3904437283E-19 -4.9504869545E-19  2.5346657607E-19
             xred3     2.5000000000E-01  2.5000000000E-01  2.5000000000E-01
                       7.5000000000E-01  7.5000000000E-01  7.5000000000E-01
                       2.4624986727E-01  2.4624986727E-01  7.5375013273E-01
                       7.5375013273E-01  7.5375013273E-01  2.4624986727E-01
                       2.4624986727E-01  7.5375013273E-01  7.5375013273E-01
                       7.5375013273E-01  2.4624986727E-01  7.5375013273E-01
                       2.4624986727E-01  7.5375013273E-01  2.4624986727E-01
                       7.5375013273E-01  2.4624986727E-01  2.4624986727E-01
                       6.3796618848E-19 -4.9080948498E-19  2.2901854349E-19
             xred4     2.5000000000E-01  2.5000000000E-01  2.5000000000E-01
                       7.5000000000E-01  7.5000000000E-01  7.5000000000E-01
                       2.4645129908E-01  2.4645129908E-01  7.5354870092E-01
                       7.5354870092E-01  7.5354870092E-01  2.4645129908E-01
                       2.4645129908E-01  7.5354870092E-01  7.5354870092E-01
                       7.5354870092E-01  2.4645129908E-01  7.5354870092E-01
                       2.4645129908E-01  7.5354870092E-01  2.4645129908E-01
                       7.5354870092E-01  2.4645129908E-01  2.4645129908E-01
                       6.3383312849E-19 -4.8619605050E-19  2.3514970937E-19
             xred5     2.5000000000E-01  2.5000000000E-01  2.5000000000E-01
                       7.5000000000E-01  7.5000000000E-01  7.5000000000E-01
                       2.4665140660E-01  2.4665140660E-01  7.5334859340E-01
                       7.5334859340E-01  7.5334859340E-01  2.4665140660E-01
                       2.4665140660E-01  7.5334859340E-01  7.5334859340E-01
                       7.5334859340E-01  2.4665140660E-01  7.5334859340E-01
                       2.4665140660E-01  7.5334859340E-01  2.4665140660E-01
                       7.5334859340E-01  2.4665140660E-01  2.4665140660E-01
                       5.9458080505E-19 -5.6449909238E-19  3.1715059010E-19
             xred6     2.5000000000E-01  2.5000000000E-01  2.5000000000E-01
                       7.5000000000E-01  7.5000000000E-01  7.5000000000E-01
                       2.4685049454E-01  2.4685049454E-01  7.5314950546E-01
                       7.5314950546E-01  7.5314950546E-01  2.4685049454E-01
                       2.4685049454E-01  7.5314950546E-01  7.5314950546E-01
                       7.5314950546E-01  2.4685049454E-01  7.5314950546E-01
                       2.4685049454E-01  7.5314950546E-01  2.4685049454E-01
                       7.5314950546E-01  2.4685049454E-01  2.4685049454E-01
                       6.3550267089E-19 -4.7175903163E-19  2.0574396342E-19
             xred7     2.5000000000E-01  2.5000000000E-01  2.5000000000E-01
                       7.5000000000E-01  7.5000000000E-01  7.5000000000E-01
                       2.4704631243E-01  2.4704631243E-01  7.5295368757E-01
                       7.5295368757E-01  7.5295368757E-01  2.4704631243E-01
                       2.4704631243E-01  7.5295368757E-01  7.5295368757E-01
                       7.5295368757E-01  2.4704631243E-01  7.5295368757E-01
                       2.4704631243E-01  7.5295368757E-01  2.4704631243E-01
                       7.5295368757E-01  2.4704631243E-01  2.4704631243E-01
                       6.1631877897E-19 -4.4026414051E-19  1.6155738964E-19
             xred8     2.5000000000E-01  2.5000000000E-01  2.5000000000E-01
                       7.5000000000E-01  7.5000000000E-01  7.5000000000E-01
                       2.4724294302E-01  2.4724294302E-01  7.5275705698E-01
                       7.5275705698E-01  7.5275705698E-01  2.4724294302E-01
                       2.4724294302E-01  7.5275705698E-01  7.5275705698E-01
                       7.5275705698E-01  2.4724294302E-01  7.5275705698E-01
                       2.4724294302E-01  7.5275705698E-01  2.4724294302E-01
                       7.5275705698E-01  2.4724294302E-01  2.4724294302E-01
                       6.3400751904E-19 -4.8568369284E-19  2.3483797440E-19
             xred9     2.5000000000E-01  2.5000000000E-01  2.5000000000E-01
                       7.5000000000E-01  7.5000000000E-01  7.5000000000E-01
                       2.4743902993E-01  2.4743902993E-01  7.5256097007E-01
                       7.5256097007E-01  7.5256097007E-01  2.4743902993E-01
                       2.4743902993E-01  7.5256097007E-01  7.5256097007E-01
                       7.5256097007E-01  2.4743902993E-01  7.5256097007E-01
                       2.4743902993E-01  7.5256097007E-01  2.4743902993E-01
                       7.5256097007E-01  2.4743902993E-01  2.4743902993E-01
                       5.8935038690E-19 -5.3563366136E-19  3.4860075220E-19
             xred10    2.5000000000E-01  2.5000000000E-01  2.5000000000E-01
                       7.5000000000E-01  7.5000000000E-01  7.5000000000E-01
                       2.4763472622E-01  2.4763472622E-01  7.5236527378E-01
                       7.5236527378E-01  7.5236527378E-01  2.4763472622E-01
                       2.4763472622E-01  7.5236527378E-01  7.5236527378E-01
                       7.5236527378E-01  2.4763472622E-01  7.5236527378E-01
                       2.4763472622E-01  7.5236527378E-01  2.4763472622E-01
                       7.5236527378E-01  2.4763472622E-01  2.4763472622E-01
                       6.2614439696E-19 -4.3349745294E-19  2.4210748059E-19

diemac 12.0
ecut 16
pawecutdg 40
ixc -101130
kptopt 1
ngkpt 4 4 4
prtden 1
iscf 17
nstep 2500
prtwf 0
nshiftk 4
shiftk  0.5 0.5 0.5
        0.5 0.0 0.0
        0.0 0.5 0.0
        0.0 0.0 0.5
nband 42

toldff 1.0d-8
tolmxf 1.0d-5
ionmov 2
optcell 3
ecutsm 0.5
dilatmx 1.15
