ndtset 10
            acell1     1.5065807154E+01  1.5084574113E+01  1.5065807154E+01
            acell2     1.4913184942E+01  1.4933097419E+01  1.4913184942E+01
            acell3     1.4759532465E+01  1.4783704151E+01  1.4759532465E+01
            acell4     1.4607868197E+01  1.4630291984E+01  1.4607868197E+01
            acell5     1.4455911524E+01  1.4477471405E+01  1.4455911524E+01
            acell6     1.4306589766E+01  1.4319337678E+01  1.4306589766E+01
            acell7     1.4158057062E+01  1.4159648350E+01  1.4158057062E+01
            acell8     1.4008476247E+01  1.4002087732E+01  1.4008476247E+01
            acell9     1.3859594843E+01  1.3843160535E+01  1.3859594843E+01
            acell10    1.3710955913E+01  1.3683789687E+01  1.3710955913E+01

            rprim1     0.0000000000E+00  7.0622486396E-01  7.0798759984E-01
                       7.0710678119E-01  0.0000000000E+00  7.0710678119E-01
                       7.0798759984E-01  7.0622486396E-01  0.0000000000E+00
            rprim2     0.0000000000E+00  7.0616137129E-01  7.0805092874E-01
                       7.0710678119E-01  0.0000000000E+00  7.0710678119E-01
                       7.0805092874E-01  7.0616137129E-01  0.0000000000E+00
            rprim3     0.0000000000E+00  7.0594685284E-01  7.0826480991E-01
                       7.0710678119E-01  0.0000000000E+00  7.0710678119E-01
                       7.0826480991E-01  7.0594685284E-01  0.0000000000E+00
            rprim4     0.0000000000E+00  7.0601966919E-01  7.0819222441E-01
                       7.0710678119E-01  0.0000000000E+00  7.0710678119E-01
                       7.0819222441E-01  7.0601966919E-01  0.0000000000E+00
            rprim5     0.0000000000E+00  7.0605061057E-01  7.0816137660E-01
                       7.0710678119E-01  0.0000000000E+00  7.0710678119E-01
                       7.0816137660E-01  7.0605061057E-01  0.0000000000E+00
            rprim6     0.0000000000E+00  7.0647615055E-01  7.0773684990E-01
                       7.0710678119E-01  0.0000000000E+00  7.0710678119E-01
                       7.0773684990E-01  7.0647615055E-01  0.0000000000E+00
            rprim7     0.0000000000E+00  7.0702729737E-01  7.0718625607E-01
                       7.0710678119E-01  0.0000000000E+00  7.0710678119E-01
                       7.0718625607E-01  7.0702729737E-01  0.0000000000E+00
            rprim8     0.0000000000E+00  7.0742910768E-01  7.0678430769E-01
                       7.0710678119E-01  0.0000000000E+00  7.0710678119E-01
                       7.0678430769E-01  7.0742910768E-01  0.0000000000E+00
            rprim9     0.0000000000E+00  7.0794425500E-01  7.0626831432E-01
                       7.0710678119E-01  0.0000000000E+00  7.0710678119E-01
                       7.0626831432E-01  7.0794425500E-01  0.0000000000E+00
            rprim10    0.0000000000E+00  7.0850503802E-01  7.0570575391E-01
                       7.0710678119E-01  0.0000000000E+00  7.0710678119E-01
                       7.0570575391E-01  7.0850503802E-01  0.0000000000E+00
natom    9  
ntypat   4  
typat    1 1 2 4 4 4 4 4 3      
znucl    55 53 72 35
             xred1     2.5217935182E-01  2.4782064818E-01  2.5217935182E-01
                       7.5217935182E-01  7.4782064818E-01  7.5217935182E-01
                       7.4827778801E-01  2.5172221199E-01  7.4827778801E-01
                       2.3348066430E-01  2.3095722528E-01  7.6904277472E-01
                       7.6904277472E-01  7.6651933570E-01  2.3348066430E-01
                       2.3730691436E-01  7.6269308564E-01  2.3730691436E-01
                       2.3348066430E-01  7.6651933570E-01  7.6904277472E-01
                       7.6904277472E-01  2.3095722528E-01  2.3348066430E-01
                       5.0097159484E-03 -5.0097159484E-03  5.0097159484E-03
             xred2     2.5224515773E-01  2.4775484227E-01  2.5224515773E-01
                       7.5224515773E-01  7.4775484227E-01  7.5224515773E-01
                       7.4635992626E-01  2.5364007374E-01  7.4635992626E-01
                       2.3550271970E-01  2.3323177623E-01  7.6676822377E-01
                       7.6676822377E-01  7.6449728030E-01  2.3550271970E-01
                       2.3956429776E-01  7.6043570224E-01  2.3956429776E-01
                       2.3550271970E-01  7.6449728030E-01  7.6676822377E-01
                       7.6676822377E-01  2.3323177623E-01  2.3550271970E-01
                       5.0435736089E-03 -5.0435736089E-03  5.0435736089E-03
             xred3     2.5248568273E-01  2.4751431727E-01  2.5248568273E-01
                       7.5248568273E-01  7.4751431727E-01  7.5248568273E-01
                       7.4435845829E-01  2.5564154171E-01  7.4435845829E-01
                       2.3741322112E-01  2.3553100676E-01  7.6446899324E-01
                       7.6446899324E-01  7.6258677888E-01  2.3741322112E-01
                       2.4186611994E-01  7.5813388006E-01  2.4186611994E-01
                       2.3741322112E-01  7.6258677888E-01  7.6446899324E-01
                       7.6446899324E-01  2.3553100676E-01  2.3741322112E-01
                       5.0396276040E-03 -5.0396276040E-03  5.0396276040E-03
             xred4     2.5247127217E-01  2.4752872783E-01  2.5247127217E-01
                       7.5247127217E-01  7.4752872783E-01  7.5247127217E-01
                       7.4265247717E-01  2.5734752283E-01  7.4265247717E-01
                       2.3941221782E-01  2.3784847685E-01  7.6215152315E-01
                       7.6215152315E-01  7.6058778218E-01  2.3941221782E-01
                       2.4413665176E-01  7.5586334824E-01  2.4413665176E-01
                       2.3941221782E-01  7.6058778218E-01  7.6215152315E-01
                       7.6215152315E-01  2.3784847685E-01  2.3941221782E-01
                       5.1408448116E-03 -5.1408448116E-03  5.1408448116E-03
             xred5     2.5228829165E-01  2.4771170835E-01  2.5228829165E-01
                       7.5228829165E-01  7.4771170835E-01  7.5228829165E-01
                       7.4106266698E-01  2.5893733302E-01  7.4106266698E-01
                       2.4137813806E-01  2.4012934746E-01  7.5987065254E-01
                       7.5987065254E-01  7.5862186194E-01  2.4137813806E-01
                       2.4652278177E-01  7.5347721823E-01  2.4652278177E-01
                       2.4137813806E-01  7.5862186194E-01  7.5987065254E-01
                       7.5987065254E-01  2.4012934746E-01  2.4137813806E-01
                       5.3403867601E-03 -5.3403867601E-03  5.3403867601E-03
             xred6     2.5213140106E-01  2.4786859894E-01  2.5213140106E-01
                       7.5213140106E-01  7.4786859894E-01  7.5213140106E-01
                       7.3971899510E-01  2.6028100490E-01  7.3971899510E-01
                       2.4338301122E-01  2.4249751023E-01  7.5750248977E-01
                       7.5750248977E-01  7.5661698878E-01  2.4338301122E-01
                       2.4869427831E-01  7.5130572169E-01  2.4869427831E-01
                       2.4338301122E-01  7.5661698878E-01  7.5750248977E-01
                       7.5750248977E-01  2.4249751023E-01  2.4338301122E-01
                       5.5529224813E-03 -5.5529224813E-03  5.5529224813E-03
             xred7     2.5208276757E-01  2.4791723243E-01  2.5208276757E-01
                       7.5208276757E-01  7.4791723243E-01  7.5208276757E-01
                       7.3850428887E-01  2.6149571113E-01  7.3850428887E-01
                       2.4532887088E-01  2.4492051151E-01  7.5507948849E-01
                       7.5507948849E-01  7.5467112912E-01  2.4532887088E-01
                       2.5076770583E-01  7.4923229417E-01  2.5076770583E-01
                       2.4532887088E-01  7.5467112912E-01  7.5507948849E-01
                       7.5507948849E-01  2.4492051151E-01  2.4532887088E-01
                       5.7457513987E-03 -5.7457513987E-03  5.7457513987E-03
             xred8     2.5199998170E-01  2.4800001830E-01  2.5199998170E-01
                       7.5199998170E-01  7.4800001830E-01  7.5199998170E-01
                       7.3731504101E-01  2.6268495899E-01  7.3731504101E-01
                       2.4716790431E-01  2.4724245935E-01  7.5275754065E-01
                       7.5275754065E-01  7.5283209569E-01  2.4716790431E-01
                       2.5286701926E-01  7.4713298074E-01  2.5286701926E-01
                       2.4716790431E-01  7.5283209569E-01  7.5275754065E-01
                       7.5275754065E-01  2.4724245935E-01  2.4716790431E-01
                       5.9670864135E-03 -5.9670864135E-03  5.9670864135E-03
             xred9     2.5174439609E-01  2.4825560391E-01  2.5174439609E-01
                       7.5174439609E-01  7.4825560391E-01  7.5174439609E-01
                       7.3635385656E-01  2.6364614344E-01  7.3635385656E-01
                       2.4898226880E-01  2.4954897415E-01  7.5045102585E-01
                       7.5045102585E-01  7.5101773120E-01  2.4898226880E-01
                       2.5496052437E-01  7.4503947563E-01  2.5496052437E-01
                       2.4898226880E-01  7.5101773120E-01  7.5045102585E-01
                       7.5045102585E-01  2.4954897415E-01  2.4898226880E-01
                       6.3302376108E-03 -6.3302376108E-03  6.3302376108E-03
             xred10    2.5146667232E-01  2.4853332768E-01  2.5146667232E-01
                       7.5146667232E-01  7.4853332768E-01  7.5146667232E-01
                       7.3552855882E-01  2.6447144118E-01  7.3552855882E-01
                       2.5071288451E-01  2.5179620690E-01  7.4820379310E-01
                       7.4820379310E-01  7.4928711549E-01  2.5071288451E-01
                       2.5697217933E-01  7.4302782067E-01  2.5697217933E-01
                       2.5071288451E-01  7.4928711549E-01  7.4820379310E-01
                       7.4820379310E-01  2.5179620690E-01  2.5071288451E-01
                       6.7325619895E-03 -6.7325619895E-03  6.7325619895E-03

diemac 12.0
ecut 16
pawecutdg 40
ixc -101130
kptopt 1
ngkpt 12 12 12
prtden 1
iscf 17
nstep 2500
prtwf 0
nshiftk 1
shiftk 0 0 0
nband 42
toldfe 1.0d-8
