ndtset 10
            acell1     1.4246312570E+01  1.4246312570E+01  1.4246312570E+01
            acell2     1.4102410423E+01  1.4102410423E+01  1.4102410423E+01
            acell3     1.3958508275E+01  1.3958508275E+01  1.3958508275E+01
            acell4     1.3814606128E+01  1.3814606128E+01  1.3814606128E+01
            acell5     1.3670703981E+01  1.3670703981E+01  1.3670703981E+01
            acell6     1.3526801834E+01  1.3526801834E+01  1.3526801834E+01
            acell7     1.3382899687E+01  1.3382899687E+01  1.3382899687E+01
            acell8     1.3238997540E+01  1.3238997540E+01  1.3238997540E+01
            acell9     1.3095095392E+01  1.3095095392E+01  1.3095095392E+01
            acell10    1.2951193245E+01  1.2951193245E+01  1.2951193245E+01

            rprim      0.0000000000E+00  7.0710678119E-01  7.0710678119E-01
                       7.0710678119E-01  0.0000000000E+00  7.0710678119E-01
                       7.0710678119E-01  7.0710678119E-01  0.0000000000E+00
natom    9  
ntypat   3
  
typat  1 1 2 2 2 2 2 2 3 
     
znucl    55 17 72
             xred1     2.5000000000E-01  2.5000000000E-01  2.5000000000E-01
                       7.5000000000E-01  7.5000000000E-01  7.5000000000E-01
                       7.6874044413E-01  2.3125955587E-01  7.6874044413E-01
                       2.3125955587E-01  2.3125955587E-01  7.6874044413E-01
                       7.6874044413E-01  7.6874044413E-01  2.3125955587E-01
                       2.3125955587E-01  7.6874044413E-01  2.3125955587E-01
                       2.3125955587E-01  7.6874044413E-01  7.6874044413E-01
                       7.6874044413E-01  2.3125955587E-01  2.3125955587E-01
                       1.5207762451E-19 -1.7828813402E-20 -1.0221322971E-19
             xred2     2.5000000000E-01  2.5000000000E-01  2.5000000000E-01
                       7.5000000000E-01  7.5000000000E-01  7.5000000000E-01
                       7.6658728706E-01  2.3341271294E-01  7.6658728706E-01
                       2.3341271294E-01  2.3341271294E-01  7.6658728706E-01
                       7.6658728706E-01  7.6658728706E-01  2.3341271294E-01
                       2.3341271294E-01  7.6658728706E-01  2.3341271294E-01
                       2.3341271294E-01  7.6658728706E-01  7.6658728706E-01
                       7.6658728706E-01  2.3341271294E-01  2.3341271294E-01
                      -3.4504614193E-21 -8.1613996339E-22  5.7610986145E-21
             xred3     2.5000000000E-01  2.5000000000E-01  2.5000000000E-01
                       7.5000000000E-01  7.5000000000E-01  7.5000000000E-01
                       7.6439734100E-01  2.3560265900E-01  7.6439734100E-01
                       2.3560265900E-01  2.3560265900E-01  7.6439734100E-01
                       7.6439734100E-01  7.6439734100E-01  2.3560265900E-01
                       2.3560265900E-01  7.6439734100E-01  2.3560265900E-01
                       2.3560265900E-01  7.6439734100E-01  7.6439734100E-01
                       7.6439734100E-01  2.3560265900E-01  2.3560265900E-01
                       6.0327579268E-20 -3.0066765724E-20  4.6315974422E-20
             xred4     2.5000000000E-01  2.5000000000E-01  2.5000000000E-01
                       7.5000000000E-01  7.5000000000E-01  7.5000000000E-01
                       7.6221547870E-01  2.3778452130E-01  7.6221547870E-01
                       2.3778452130E-01  2.3778452130E-01  7.6221547870E-01
                       7.6221547870E-01  7.6221547870E-01  2.3778452130E-01
                       2.3778452130E-01  7.6221547870E-01  2.3778452130E-01
                       2.3778452130E-01  7.6221547870E-01  7.6221547870E-01
                       7.6221547870E-01  2.3778452130E-01  2.3778452130E-01
                       1.2058225718E-19 -3.4539406040E-20  1.1192359223E-19
             xred5     2.5000000000E-01  2.5000000000E-01  2.5000000000E-01
                       7.5000000000E-01  7.5000000000E-01  7.5000000000E-01
                       7.6004142537E-01  2.3995857463E-01  7.6004142537E-01
                       2.3995857463E-01  2.3995857463E-01  7.6004142537E-01
                       7.6004142537E-01  7.6004142537E-01  2.3995857463E-01
                       2.3995857463E-01  7.6004142537E-01  2.3995857463E-01
                       2.3995857463E-01  7.6004142537E-01  7.6004142537E-01
                       7.6004142537E-01  2.3995857463E-01  2.3995857463E-01
                      -5.7932279709E-21 -4.9569720499E-22  7.7839234984E-21
             xred6     2.5000000000E-01  2.5000000000E-01  2.5000000000E-01
                       7.5000000000E-01  7.5000000000E-01  7.5000000000E-01
                       7.5786044992E-01  2.4213955008E-01  7.5786044992E-01
                       2.4213955008E-01  2.4213955008E-01  7.5786044992E-01
                       7.5786044992E-01  7.5786044992E-01  2.4213955008E-01
                       2.4213955008E-01  7.5786044992E-01  2.4213955008E-01
                       2.4213955008E-01  7.5786044992E-01  7.5786044992E-01
                       7.5786044992E-01  2.4213955008E-01  2.4213955008E-01
                      -6.1171432307E-20  9.3497621366E-20 -7.6380191077E-20
             xred7     2.5000000000E-01  2.5000000000E-01  2.5000000000E-01
                       7.5000000000E-01  7.5000000000E-01  7.5000000000E-01
                       7.5567740218E-01  2.4432259782E-01  7.5567740218E-01
                       2.4432259782E-01  2.4432259782E-01  7.5567740218E-01
                       7.5567740218E-01  7.5567740218E-01  2.4432259782E-01
                       2.4432259782E-01  7.5567740218E-01  2.4432259782E-01
                       2.4432259782E-01  7.5567740218E-01  7.5567740218E-01
                       7.5567740218E-01  2.4432259782E-01  2.4432259782E-01
                      -2.1063663695E-21 -2.8220745765E-21  6.6954357869E-21
             xred8     2.5000000000E-01  2.5000000000E-01  2.5000000000E-01
                       7.5000000000E-01  7.5000000000E-01  7.5000000000E-01
                       7.5354837739E-01  2.4645162261E-01  7.5354837739E-01
                       2.4645162261E-01  2.4645162261E-01  7.5354837739E-01
                       7.5354837739E-01  7.5354837739E-01  2.4645162261E-01
                       2.4645162261E-01  7.5354837739E-01  2.4645162261E-01
                       2.4645162261E-01  7.5354837739E-01  7.5354837739E-01
                       7.5354837739E-01  2.4645162261E-01  2.4645162261E-01
                      -1.8726485956E-19  2.7682660251E-20  2.1312534238E-19
             xred9     2.5000000000E-01  2.5000000000E-01  2.5000000000E-01
                       7.5000000000E-01  7.5000000000E-01  7.5000000000E-01
                       7.5143534082E-01  2.4856465918E-01  7.5143534082E-01
                       2.4856465918E-01  2.4856465918E-01  7.5143534082E-01
                       7.5143534082E-01  7.5143534082E-01  2.4856465918E-01
                       2.4856465918E-01  7.5143534082E-01  2.4856465918E-01
                       2.4856465918E-01  7.5143534082E-01  7.5143534082E-01
                       7.5143534082E-01  2.4856465918E-01  2.4856465918E-01
                      -3.8260439254E-20  7.9793642405E-20  6.0492203058E-20
             xred10    2.5000000000E-01  2.5000000000E-01  2.5000000000E-01
                       7.5000000000E-01  7.5000000000E-01  7.5000000000E-01
                       7.4936621120E-01  2.5063378880E-01  7.4936621120E-01
                       2.5063378880E-01  2.5063378880E-01  7.4936621120E-01
                       7.4936621120E-01  7.4936621120E-01  2.5063378880E-01
                       2.5063378880E-01  7.4936621120E-01  2.5063378880E-01
                       2.5063378880E-01  7.4936621120E-01  7.4936621120E-01
                       7.4936621120E-01  2.5063378880E-01  2.5063378880E-01
                      -1.8221768149E-20 -9.5187712536E-20  1.8194326585E-19
         
getxred1 0
getxred -1

diemac 12.0
ecut 16
pawecutdg 40
ixc -101130
kptopt 1
ngkpt 4 4 4
prtden 1
iscf 17
nstep 2500
prtwf 0
nshiftk 4
shiftk  0.5 0.5 0.5
        0.5 0.0 0.0
        0.0 0.5 0.0
        0.0 0.0 0.5
nband 42

toldff 1.0d-8
tolmxf 1.0d-5
ionmov 2
optcell 3
ecutsm 0.5
dilatmx 1.15
