ndtset 10
            acell1     1.4331013041E+01  1.4746346126E+01  1.4331013041E+01
            acell2     1.4315632340E+01  1.4734174897E+01  1.4315632340E+01
            acell3     1.4300421244E+01  1.4721583729E+01  1.4300421244E+01
            acell4     1.4285420039E+01  1.4708469125E+01  1.4285420039E+01
            acell5     1.4270235061E+01  1.4695819228E+01  1.4270235061E+01
            acell6     1.4255674712E+01  1.4681599345E+01  1.4255674712E+01
            acell7     1.4240503728E+01  1.4668918927E+01  1.4240503728E+01
            acell8     1.4225043032E+01  1.4656974476E+01  1.4225043032E+01
            acell9     1.4209705900E+01  1.4644723700E+01  1.4209705900E+01
            acell10    1.4194269132E+01  1.4632731381E+01  1.4194269132E+01

            rprim1     0.0000000000E+00  6.8600190981E-01  7.2759973869E-01
                       7.0710678119E-01  0.0000000000E+00  7.0710678119E-01
                       7.2759973869E-01  6.8600190981E-01  0.0000000000E+00
            rprim2     0.0000000000E+00  6.8581036495E-01  7.2778028507E-01
                       7.0710678119E-01  0.0000000000E+00  7.0710678119E-01
                       7.2778028507E-01  6.8581036495E-01  0.0000000000E+00
            rprim3     0.0000000000E+00  6.8564951927E-01  7.2793182148E-01
                       7.0710678119E-01  0.0000000000E+00  7.0710678119E-01
                       7.2793182148E-01  6.8564951927E-01  0.0000000000E+00
            rprim4     0.0000000000E+00  6.8552713885E-01  7.2804707396E-01
                       7.0710678119E-01  0.0000000000E+00  7.0710678119E-01
                       7.2804707396E-01  6.8552713885E-01  0.0000000000E+00
            rprim5     0.0000000000E+00  6.8537003267E-01  7.2819497274E-01
                       7.0710678119E-01  0.0000000000E+00  7.0710678119E-01
                       7.2819497274E-01  6.8537003267E-01  0.0000000000E+00
            rprim6     0.0000000000E+00  6.8532920270E-01  7.2823339935E-01
                       7.0710678119E-01  0.0000000000E+00  7.0710678119E-01
                       7.2823339935E-01  6.8532920270E-01  0.0000000000E+00
            rprim7     0.0000000000E+00  6.8517384322E-01  7.2837957451E-01
                       7.0710678119E-01  0.0000000000E+00  7.0710678119E-01
                       7.2837957451E-01  6.8517384322E-01  0.0000000000E+00
            rprim8     0.0000000000E+00  6.8496339443E-01  7.2857748270E-01
                       7.0710678119E-01  0.0000000000E+00  7.0710678119E-01
                       7.2857748270E-01  6.8496339443E-01  0.0000000000E+00
            rprim9     0.0000000000E+00  6.8477533278E-01  7.2875424089E-01
                       7.0710678119E-01  0.0000000000E+00  7.0710678119E-01
                       7.2875424089E-01  6.8477533278E-01  0.0000000000E+00
            rprim10    0.0000000000E+00  6.8456760899E-01  7.2894937322E-01
                       7.0710678119E-01  0.0000000000E+00  7.0710678119E-01
                       7.2894937322E-01  6.8456760899E-01  0.0000000000E+00
natom    9  
ntypat   4
typat    1 1 2 4 4 2 4 4 3  

       
znucl    55 53 72 17

             xred1     2.5000000000E-01  2.5000000000E-01  2.5000000000E-01
                       7.5000000000E-01  7.5000000000E-01  7.5000000000E-01
                       7.2482123673E-01  2.7517876327E-01  7.2482123673E-01
                       2.2193138405E-01  2.2193138405E-01  7.7806861595E-01
                       7.7806861595E-01  7.7806861595E-01  2.2193138405E-01
                       2.7517876327E-01  7.2482123673E-01  2.7517876327E-01
                       2.2193138405E-01  7.7806861595E-01  7.7806861595E-01
                       7.7806861595E-01  2.2193138405E-01  2.2193138405E-01
                       6.3641005613E-21  5.0730084759E-21 -1.2434207601E-20
             xred2     2.5000000000E-01  2.5000000000E-01  2.5000000000E-01
                       7.5000000000E-01  7.5000000000E-01  7.5000000000E-01
                       7.2454509387E-01  2.7545490613E-01  7.2454509387E-01
                       2.2210031949E-01  2.2210031949E-01  7.7789968051E-01
                       7.7789968051E-01  7.7789968051E-01  2.2210031949E-01
                       2.7545490613E-01  7.2454509387E-01  2.7545490613E-01
                       2.2210031949E-01  7.7789968051E-01  7.7789968051E-01
                       7.7789968051E-01  2.2210031949E-01  2.2210031949E-01
                       6.0811069037E-21  5.1847179868E-21 -1.2980182761E-20
             xred3     2.5000000000E-01  2.5000000000E-01  2.5000000000E-01
                       7.5000000000E-01  7.5000000000E-01  7.5000000000E-01
                       7.2427962937E-01  2.7572037063E-01  7.2427962937E-01
                       2.2227255363E-01  2.2227255363E-01  7.7772744637E-01
                       7.7772744637E-01  7.7772744637E-01  2.2227255363E-01
                       2.7572037063E-01  7.2427962937E-01  2.7572037063E-01
                       2.2227255363E-01  7.7772744637E-01  7.7772744637E-01
                       7.7772744637E-01  2.2227255363E-01  2.2227255363E-01
                       6.6100129762E-21  4.8859798321E-21 -1.2586744747E-20
             xred4     2.5000000000E-01  2.5000000000E-01  2.5000000000E-01
                       7.5000000000E-01  7.5000000000E-01  7.5000000000E-01
                       7.2403147510E-01  2.7596852490E-01  7.2403147510E-01
                       2.2245219122E-01  2.2245219122E-01  7.7754780878E-01
                       7.7754780878E-01  7.7754780878E-01  2.2245219122E-01
                       2.7596852490E-01  7.2403147510E-01  2.7596852490E-01
                       2.2245219122E-01  7.7754780878E-01  7.7754780878E-01
                       7.7754780878E-01  2.2245219122E-01  2.2245219122E-01
                       6.6269562913E-21  4.8882157739E-21 -1.2681005438E-20
             xred5     2.5000000000E-01  2.5000000000E-01  2.5000000000E-01
                       7.5000000000E-01  7.5000000000E-01  7.5000000000E-01
                       7.2376470584E-01  2.7623529416E-01  7.2376470584E-01
                       2.2262634026E-01  2.2262634026E-01  7.7737365974E-01
                       7.7737365974E-01  7.7737365974E-01  2.2262634026E-01
                       2.7623529416E-01  7.2376470584E-01  2.7623529416E-01
                       2.2262634026E-01  7.7737365974E-01  7.7737365974E-01
                       7.7737365974E-01  2.2262634026E-01  2.2262634026E-01
                       6.6269562913E-21  4.8882157739E-21 -1.2681005438E-20
             xred6     2.5000000000E-01  2.5000000000E-01  2.5000000000E-01
                       7.5000000000E-01  7.5000000000E-01  7.5000000000E-01
                       7.2355975315E-01  2.7644024685E-01  7.2355975315E-01
                       2.2282584637E-01  2.2282584637E-01  7.7717415363E-01
                       7.7717415363E-01  7.7717415363E-01  2.2282584637E-01
                       2.7644024685E-01  7.2355975315E-01  2.7644024685E-01
                       2.2282584637E-01  7.7717415363E-01  7.7717415363E-01
                       7.7717415363E-01  2.2282584637E-01  2.2282584637E-01
                       6.6269562913E-21  4.8882157739E-21 -1.2681005438E-20
             xred7     2.5000000000E-01  2.5000000000E-01  2.5000000000E-01
                       7.5000000000E-01  7.5000000000E-01  7.5000000000E-01
                       7.2329273486E-01  2.7670726514E-01  7.2329273486E-01
                       2.2299987443E-01  2.2299987443E-01  7.7700012557E-01
                       7.7700012557E-01  7.7700012557E-01  2.2299987443E-01
                       2.7670726514E-01  7.2329273486E-01  2.7670726514E-01
                       2.2299987443E-01  7.7700012557E-01  7.7700012557E-01
                       7.7700012557E-01  2.2299987443E-01  2.2299987443E-01
                       6.6604312915E-21  4.9191086319E-21 -1.2656822544E-20
             xred8     2.5000000000E-01  2.5000000000E-01  2.5000000000E-01
                       7.5000000000E-01  7.5000000000E-01  7.5000000000E-01
                       7.2300697200E-01  2.7699302800E-01  7.2300697200E-01
                       2.2316050218E-01  2.2316050218E-01  7.7683949782E-01
                       7.7683949782E-01  7.7683949782E-01  2.2316050218E-01
                       2.7699302800E-01  7.2300697200E-01  2.7699302800E-01
                       2.2316050218E-01  7.7683949782E-01  7.7683949782E-01
                       7.7683949782E-01  2.2316050218E-01  2.2316050218E-01
                       6.6655534936E-21  4.7434946199E-21 -1.2497947272E-20
             xred9     2.5000000000E-01  2.5000000000E-01  2.5000000000E-01
                       7.5000000000E-01  7.5000000000E-01  7.5000000000E-01
                       7.2272799222E-01  2.7727200778E-01  7.2272799222E-01
                       2.2332697074E-01  2.2332697074E-01  7.7667302926E-01
                       7.7667302926E-01  7.7667302926E-01  2.2332697074E-01
                       2.7727200778E-01  7.2272799222E-01  2.7727200778E-01
                       2.2332697074E-01  7.7667302926E-01  7.7667302926E-01
                       7.7667302926E-01  2.2332697074E-01  2.2332697074E-01
                       6.5723023839E-21  5.0252765215E-21 -1.2523057824E-20
             xred10    2.5000000000E-01  2.5000000000E-01  2.5000000000E-01
                       7.5000000000E-01  7.5000000000E-01  7.5000000000E-01
                       7.2244001350E-01  2.7755998650E-01  7.2244001350E-01
                       2.2348784763E-01  2.2348784763E-01  7.7651215237E-01
                       7.7651215237E-01  7.7651215237E-01  2.2348784763E-01
                       2.7755998650E-01  7.2244001350E-01  2.7755998650E-01
                       2.2348784763E-01  7.7651215237E-01  7.7651215237E-01
                       7.7651215237E-01  2.2348784763E-01  2.2348784763E-01
                       6.6991948473E-21  5.0331193176E-21 -1.2779673910E-20
         
diemac 12.0
ecut 16
pawecutdg 40
ixc -101130
kptopt 1
ngkpt 12 12 12
prtden 1
iscf 17
nstep 2500
prtwf 0
nshiftk 1
shiftk 0 0 0
nband 42
toldfe 1.0d-8
