ndtset 10
acell1 14.61662315586 14.61662315586 14.76122002245
acell2 14.46898049772 14.46898049772 14.6121167899
acell3 14.32133783958 14.32133783958 14.46301355735
acell4 14.17369518144 14.17369518144 14.3139103248
acell5 14.0260525233 14.0260525233 14.16480709225
acell6 13.87840986516 13.87840986516 14.0157038597
acell7 13.73076720702 13.73076720702 13.86660062715
acell8 13.58312454888 13.58312454888 13.7174973946
acell9 13.43548189074 13.43548189074 13.56839416205
acell10 13.2878392326 13.2878392326 13.4192909295

            rprim     0.0000000000E+00  7.1410192801E-01  7.0004173905E-01
                       7.1410192801E-01  0.0000000000E+00  7.0004173905E-01
                       7.0710678119E-01  7.0710678119E-01  0.0000000000E+00
natom    9  
ntypat   4  
  
            typat    1 1 2 4 4 4 4 4 3

znucl    55 53 40 17
             xred     2.4264576812E-01  2.4264576812E-01  2.5735423188E-01
                       7.4264576812E-01  7.4264576812E-01  7.5735423188E-01
                       2.6095175400E-01  2.6095175400E-01  7.3904824600E-01
                       7.6723867313E-01  7.6723867313E-01  2.3276132687E-01
                       2.2065549836E-01  7.7622206566E-01  7.7934450164E-01
                       7.7622206566E-01  2.2065549836E-01  7.7934450164E-01
                       2.2065549836E-01  7.7622206566E-01  2.2377793434E-01
                       7.7622206566E-01  2.2065549836E-01  2.2377793434E-01
                      -7.2370913971E-03 -7.2370913971E-03  7.2370913971E-03
         
getxred1 0
getxred -1

diemac 12.0
ecut 16
pawecutdg 40
ixc -101130
kptopt 1
ngkpt 4 4 4
prtden 1
iscf 17
nstep 2500
prtwf 0
nshiftk 4
shiftk  0.5 0.5 0.5
        0.5 0.0 0.0
        0.0 0.5 0.0
        0.0 0.0 0.5
nband 42

toldff 1.0d-8
tolmxf 1.0d-5
ionmov 2
optcell 3
ecutsm 0.5
dilatmx 1.15
