ndtset 10
            acell1     1.4999264538E+01  1.5344769320E+01  1.4999264538E+01
            acell2     1.4849864192E+01  1.5182096942E+01  1.4849864192E+01
            acell3     1.4701097942E+01  1.5023902435E+01  1.4701097942E+01
            acell4     1.4548849465E+01  1.4862656094E+01  1.4548849465E+01
            acell5     1.4396909584E+01  1.4704349196E+01  1.4396909584E+01
            acell6     1.4242119652E+01  1.4547501748E+01  1.4242119652E+01
            acell7     1.4089479221E+01  1.4382606310E+01  1.4089479221E+01
            acell8     1.3934675920E+01  1.4224450569E+01  1.3934675920E+01
            acell9     1.3780173011E+01  1.4063669666E+01  1.3780173011E+01
            acell10    1.3625420036E+01  1.3901937490E+01  1.3625420036E+01

            rprim1     1.1940469407E-02  7.0263085328E-01  7.1145436200E-01
                       7.0710678119E-01  0.0000000000E+00  7.0710678119E-01
                       7.1145436200E-01  7.0263085328E-01  1.1940469407E-02
            rprim2     1.1790348225E-02  7.0295521909E-01  7.1113637766E-01
                       7.0710678119E-01  0.0000000000E+00  7.0710678119E-01
                       7.1113637766E-01  7.0295521909E-01  1.1790348225E-02
            rprim3     1.1901019452E-02  7.0336189485E-01  7.1073230587E-01
                       7.0710678119E-01  0.0000000000E+00  7.0710678119E-01
                       7.1073230587E-01  7.0336189485E-01  1.1901019452E-02
            rprim4     1.1541113028E-02  7.0328192163E-01  7.1081737558E-01
                       7.0710678119E-01  0.0000000000E+00  7.0710678119E-01
                       7.1081737558E-01  7.0328192163E-01  1.1541113028E-02
            rprim5     1.1340409939E-02  7.0323571190E-01  7.1086632260E-01
                       7.0710678119E-01  0.0000000000E+00  7.0710678119E-01
                       7.1086632260E-01  7.0323571190E-01  1.1340409939E-02
            rprim6     1.0925397199E-02  7.0275981127E-01  7.1134329501E-01
                       7.0710678119E-01  0.0000000000E+00  7.0710678119E-01
                       7.1134329501E-01  7.0275981127E-01  1.0925397199E-02
            rprim7     1.0327092232E-02  7.0261950333E-01  7.1149081843E-01
                       7.0710678119E-01  0.0000000000E+00  7.0710678119E-01
                       7.1149081843E-01  7.0261950333E-01  1.0327092232E-02
            rprim8     9.8227103037E-03  7.0212240623E-01  7.1198851187E-01
                       7.0710678119E-01  0.0000000000E+00  7.0710678119E-01
                       7.1198851187E-01  7.0212240623E-01  9.8227103037E-03
            rprim9     9.2057842082E-03  7.0166436033E-01  7.1244815880E-01
                       7.0710678119E-01  0.0000000000E+00  7.0710678119E-01
                       7.1244815880E-01  7.0166436033E-01  9.2057842082E-03
            rprim10    8.4977424391E-03  7.0115399625E-01  7.1295922879E-01
                       7.0710678119E-01  0.0000000000E+00  7.0710678119E-01
                       7.1295922879E-01  7.0115399625E-01  8.4977424391E-03
natom    9  
ntypat   4  
  
            typat    1 1 2 4 2 4 4 4 3 
       
znucl    55 53 40 17
             xred1     2.3631298656E-01  2.5496595326E-01  2.5375510691E-01
                       7.4624489309E-01  7.4503404674E-01  7.6368701344E-01
                       2.5364747106E-01  2.4880485136E-01  7.4635252894E-01
                       7.6911401045E-01  7.7944519759E-01  2.3088598955E-01
                       2.5364747106E-01  7.5119514864E-01  7.4635252894E-01
                       7.7277921589E-01  2.2119918131E-01  7.8482242148E-01
                       2.1517757852E-01  7.7880081869E-01  2.2722078411E-01
                       7.6911401045E-01  2.2055480241E-01  2.3088598955E-01
                      -1.6037637079E-02 -1.5287976036E-19  1.6037637079E-02
             xred2     2.3363607616E-01  2.5620117648E-01  2.5396157088E-01
                       7.4603842912E-01  7.4379882352E-01  7.6636392384E-01
                       2.5648605606E-01  2.5019822533E-01  7.4351394394E-01
                       7.6777112654E-01  7.7655048800E-01  2.3222887346E-01
                       2.5648605606E-01  7.4980177467E-01  7.4351394394E-01
                       7.7048874704E-01  2.2331424467E-01  7.8288276362E-01
                       2.1711723638E-01  7.7668575533E-01  2.2951125296E-01
                       7.6777112654E-01  2.2344951200E-01  2.3222887346E-01
                      -1.5794853907E-02 -4.3766155954E-19  1.5794853907E-02
             xred3     2.3236202321E-01  2.5694089624E-01  2.5375618431E-01
                       7.4624381569E-01  7.4305910376E-01  7.6763797679E-01
                       2.5895297348E-01  2.5167316827E-01  7.4104702652E-01
                       7.6569820349E-01  7.7403714339E-01  2.3430179651E-01
                       2.5895297348E-01  7.4832683173E-01  7.4104702652E-01
                       7.6860977577E-01  2.2534333820E-01  7.8070354783E-01
                       2.1929645217E-01  7.7465666180E-01  2.3139022423E-01
                       7.6569820349E-01  2.2596285661E-01  2.3430179651E-01
                      -1.5814420774E-02 -1.6482007403E-18  1.5814420774E-02
             xred4     2.3218341217E-01  2.5719419323E-01  2.5342820137E-01
                       7.4657179863E-01  7.4280580677E-01  7.6781658783E-01
                       2.6109474445E-01  2.5296414536E-01  7.3890525555E-01
                       7.6390379781E-01  7.7119259657E-01  2.3609620219E-01
                       2.6109474445E-01  7.4703585464E-01  7.3890525555E-01
                       7.6601638223E-01  2.2762137233E-01  7.7874087312E-01
                       2.2125912688E-01  7.7237862767E-01  2.3398361777E-01
                       7.6390379781E-01  2.2880740343E-01  2.3609620219E-01
                      -1.6027804429E-02 -2.1494907730E-18  1.6027804429E-02
             xred5     2.3157031035E-01  2.5762450251E-01  2.5318068464E-01
                       7.4681931536E-01  7.4237549749E-01  7.6842968965E-01
                       2.6313852117E-01  2.5429096620E-01  7.3686147883E-01
                       7.6183490262E-01  7.6859018543E-01  2.3816509738E-01
                       2.6313852117E-01  7.4570903380E-01  7.3686147883E-01
                       7.6408563870E-01  2.2986678727E-01  7.7618078677E-01
                       2.2381921323E-01  7.7013321273E-01  2.3591436130E-01
                       7.6183490262E-01  2.3140981457E-01  2.3816509738E-01
                      -1.6241325237E-02 -3.8212843700E-19  1.6241325237E-02
             xred6     2.3183021597E-01  2.5769840174E-01  2.5277298055E-01
                       7.4722701945E-01  7.4230159826E-01  7.6816978403E-01
                       2.6486374011E-01  2.5540264347E-01  7.3513625989E-01
                       7.5996656655E-01  7.6572812220E-01  2.4003343345E-01
                       2.6486374011E-01  7.4459735653E-01  7.3513625989E-01
                       7.6166215592E-01  2.3230868066E-01  7.7372048276E-01
                       2.2627951724E-01  7.6769131934E-01  2.3833784408E-01
                       7.5996656655E-01  2.3427187780E-01  2.4003343345E-01
                      -1.6659521910E-02 -4.3630851926E-19  1.6659521910E-02
             xred7     2.3216466927E-01  2.5767506721E-01  2.5248519630E-01
                       7.4751480370E-01  7.4232493279E-01  7.6783533073E-01
                       2.6647776727E-01  2.5655361623E-01  7.3352223273E-01
                       7.5806490923E-01  7.6267504718E-01  2.4193509077E-01
                       2.6647776727E-01  7.4344638377E-01  7.3352223273E-01
                       7.5963172835E-01  2.3457978436E-01  7.7120870294E-01
                       2.2879129706E-01  7.6542021564E-01  2.4036827165E-01
                       7.5806490923E-01  2.3732495282E-01  2.4193509077E-01
                      -1.7187851396E-02 -6.3265903893E-19  1.7187851396E-02
             xred8     2.3277156874E-01  2.5758010888E-01  2.5206821350E-01
                       7.4793178650E-01  7.4241989112E-01  7.6722843126E-01
                       2.6784483128E-01  2.5755760348E-01  7.3215516872E-01
                       7.5598884042E-01  7.5982174110E-01  2.4401115958E-01
                       2.6784483128E-01  7.4244239652E-01  7.3215516872E-01
                       7.5775283036E-01  2.3699071747E-01  7.6826573470E-01
                       2.3173426530E-01  7.6300928253E-01  2.4224716964E-01
                       7.5598884042E-01  2.4017825890E-01  2.4401115958E-01
                      -1.7857794305E-02 -3.3645877707E-19  1.7857794305E-02
             xred9     2.3366326898E-01  2.5737276168E-01  2.5159120765E-01
                       7.4840879235E-01  7.4262723832E-01  7.6633673102E-01
                       2.6903978695E-01  2.5844168903E-01  7.3096021305E-01
                       7.5397472553E-01  7.5674678079E-01  2.4602527447E-01
                       2.6903978695E-01  7.4155831097E-01  7.3096021305E-01
                       7.5596654993E-01  2.3935102234E-01  7.6533140539E-01
                       2.3466859461E-01  7.6064897766E-01  2.4403345007E-01
                       7.5397472553E-01  2.4325321921E-01  2.4602527447E-01
                      -1.8736230838E-02 -9.3524411610E-20  1.8736230838E-02
             xred10    2.3472437405E-01  2.5706463576E-01  2.5114635443E-01
                       7.4885364557E-01  7.4293536424E-01  7.6527562595E-01
                       2.7002771905E-01  2.5923887372E-01  7.2997228095E-01
                       7.5203996135E-01  7.5352838036E-01  2.4796003865E-01
                       2.7002771905E-01  7.4076112628E-01  7.2997228095E-01
                       7.5433593119E-01  2.4170217428E-01  7.6225972025E-01
                       2.3774027975E-01  7.5829782572E-01  2.4566406881E-01
                       7.5203996135E-01  2.4647161964E-01  2.4796003865E-01
                      -1.9789591353E-02  1.1345581579E-19  1.9789591353E-02
         
diemac 12.0
ecut 16
pawecutdg 40
ixc -101130
kptopt 1
ngkpt 12 12 12
prtden 1
iscf 17
nstep 2500
prtwf 0
nshiftk 1
shiftk 0 0 0
nband 42
toldfe 1.0d-8
