ndtset 10
            acell1     1.4587718699E+01  1.4771370105E+01  1.4587718699E+01
            acell2     1.4433016377E+01  1.4638377990E+01  1.4433016377E+01
            acell3     1.4277239678E+01  1.4508013379E+01  1.4277239678E+01
            acell4     1.4123819821E+01  1.4372562829E+01  1.4123819821E+01
            acell5     1.3969209267E+01  1.4240024632E+01  1.3969209267E+01
            acell6     1.3819655799E+01  1.4095939928E+01  1.3819655799E+01
            acell7     1.3672704657E+01  1.3945828833E+01  1.3672704657E+01
            acell8     1.3527063728E+01  1.3792681182E+01  1.3527063728E+01
            acell9     1.3381590117E+01  1.3639156137E+01  1.3381590117E+01
            acell10    1.3239947130E+01  1.3476863724E+01  1.3239947130E+01

            rprim1     0.0000000000E+00  6.9809118266E-01  7.1600886914E-01
                       7.0710678119E-01  0.0000000000E+00  7.0710678119E-01
                       7.1600886914E-01  6.9809118266E-01  0.0000000000E+00
            rprim2     0.0000000000E+00  6.9690040447E-01  7.1716792054E-01
                       7.0710678119E-01  0.0000000000E+00  7.0710678119E-01
                       7.1716792054E-01  6.9690040447E-01  0.0000000000E+00
            rprim3     0.0000000000E+00  6.9548948148E-01  7.1853627685E-01
                       7.0710678119E-01  0.0000000000E+00  7.0710678119E-01
                       7.1853627685E-01  6.9548948148E-01  0.0000000000E+00
            rprim4     0.0000000000E+00  6.9443021237E-01  7.1956006014E-01
                       7.0710678119E-01  0.0000000000E+00  7.0710678119E-01
                       7.1956006014E-01  6.9443021237E-01  0.0000000000E+00
            rprim5     0.0000000000E+00  6.9312732431E-01  7.2081517208E-01
                       7.0710678119E-01  0.0000000000E+00  7.0710678119E-01
                       7.2081517208E-01  6.9312732431E-01  0.0000000000E+00
            rprim6     0.0000000000E+00  6.9268177691E-01  7.2124334031E-01
                       7.0710678119E-01  0.0000000000E+00  7.0710678119E-01
                       7.2124334031E-01  6.9268177691E-01  0.0000000000E+00
            rprim7     0.0000000000E+00  6.9269373604E-01  7.2123185458E-01
                       7.0710678119E-01  0.0000000000E+00  7.0710678119E-01
                       7.2123185458E-01  6.9269373604E-01  0.0000000000E+00
            rprim8     0.0000000000E+00  6.9294387318E-01  7.2099153159E-01
                       7.0710678119E-01  0.0000000000E+00  7.0710678119E-01
                       7.2099153159E-01  6.9294387318E-01  0.0000000000E+00
            rprim9     0.0000000000E+00  6.9322937944E-01  7.2071702316E-01
                       7.0710678119E-01  0.0000000000E+00  7.0710678119E-01
                       7.2071702316E-01  6.9322937944E-01  0.0000000000E+00
            rprim10    0.0000000000E+00  6.9422318242E-01  7.1975980229E-01
                       7.0710678119E-01  0.0000000000E+00  7.0710678119E-01
                       7.1975980229E-01  6.9422318242E-01  0.0000000000E+00
natom    9  
ntypat   4  
  
typat    1 1 2 4 4 4 4 4 3
       
znucl    55 53 72 17
             xred1     2.5634734941E-01  2.4365265059E-01  2.5634734941E-01
                       7.5634734941E-01  7.4365265059E-01  7.5634734941E-01
                       7.3753380600E-01  2.6246619400E-01  7.3753380600E-01
                       2.2450394287E-01  2.2042977231E-01  7.7957022769E-01
                       7.7957022769E-01  7.7549605713E-01  2.2450394287E-01
                       2.3424530942E-01  7.6575469058E-01  2.3424530942E-01
                       2.2450394287E-01  7.7549605713E-01  7.7957022769E-01
                       7.7957022769E-01  2.2042977231E-01  2.2450394287E-01
                       7.3778446359E-03 -7.3778446359E-03  7.3778446359E-03
             xred2     2.5672076579E-01  2.4327923421E-01  2.5672076579E-01
                       7.5672076579E-01  7.4327923421E-01  7.5672076579E-01
                       7.3499980586E-01  2.6500019414E-01  7.3499980586E-01
                       2.2620892725E-01  2.2253138761E-01  7.7746861239E-01
                       7.7746861239E-01  7.7379107275E-01  2.2620892725E-01
                       2.3690575713E-01  7.6309424287E-01  2.3690575713E-01
                       2.2620892725E-01  7.7379107275E-01  7.7746861239E-01
                       7.7746861239E-01  2.2253138761E-01  2.2620892725E-01
                       7.2978261633E-03 -7.2978261633E-03  7.2978261633E-03
             xred3     2.5610723862E-01  2.4389276138E-01  2.5610723862E-01
                       7.5610723862E-01  7.4389276138E-01  7.5610723862E-01
                       7.3269305868E-01  2.6730694132E-01  7.3269305868E-01
                       2.2811924062E-01  2.2433842443E-01  7.7566157557E-01
                       7.7566157557E-01  7.7188075938E-01  2.2811924062E-01
                       2.4000682738E-01  7.5999317262E-01  2.4000682738E-01
                       2.2811924062E-01  7.7188075938E-01  7.7566157557E-01
                       7.7566157557E-01  2.2433842443E-01  2.2811924062E-01
                       7.5240043223E-03 -7.5240043223E-03  7.5240043223E-03
             xred4     2.5606646419E-01  2.4393353581E-01  2.5606646419E-01
                       7.5606646419E-01  7.4393353581E-01  7.5606646419E-01
                       7.3046546651E-01  2.6953453349E-01  7.3046546651E-01
                       2.2990320722E-01  2.2643220062E-01  7.7356779938E-01
                       7.7356779938E-01  7.7009679278E-01  2.2990320722E-01
                       2.4284761365E-01  7.5715238635E-01  2.4284761365E-01
                       2.2990320722E-01  7.7009679278E-01  7.7356779938E-01
                       7.7356779938E-01  2.2643220062E-01  2.2990320722E-01
                       7.6119782519E-03 -7.6119782519E-03  7.6119782519E-03
             xred5     2.5595656660E-01  2.4404343340E-01  2.5595656660E-01
                       7.5595656660E-01  7.4404343340E-01  7.5595656660E-01
                       7.2823287361E-01  2.7176712639E-01  7.2823287361E-01
                       2.3155394961E-01  2.2848997744E-01  7.7151002256E-01
                       7.7151002256E-01  7.6844605039E-01  2.3155394961E-01
                       2.4594711455E-01  7.5405288545E-01  2.4594711455E-01
                       2.3155394961E-01  7.6844605039E-01  7.7151002256E-01
                       7.7151002256E-01  2.2848997744E-01  2.3155394961E-01
                       7.7789342836E-03 -7.7789342836E-03  7.7789342836E-03
             xred6     2.5570027449E-01  2.4429972551E-01  2.5570027449E-01
                       7.5570027449E-01  7.4429972551E-01  7.5570027449E-01
                       7.2651998781E-01  2.7348001219E-01  7.2651998781E-01
                       2.3344172093E-01  2.3071752437E-01  7.6928247563E-01
                       7.6928247563E-01  7.6655827907E-01  2.3344172093E-01
                       2.4867198269E-01  7.5132801731E-01  2.4867198269E-01
                       2.3344172093E-01  7.6655827907E-01  7.6928247563E-01
                       7.6928247563E-01  2.3071752437E-01  2.3344172093E-01
                       7.9590873996E-03 -7.9590873996E-03  7.9590873996E-03
             xred7     2.5551579818E-01  2.4448420182E-01  2.5551579818E-01
                       7.5551579818E-01  7.4448420182E-01  7.5551579818E-01
                       7.2517120749E-01  2.7482879251E-01  7.2517120749E-01
                       2.3527500561E-01  2.3315835358E-01  7.6684164642E-01
                       7.6684164642E-01  7.6472499439E-01  2.3527500561E-01
                       2.5130526988E-01  7.4869473012E-01  2.5130526988E-01
                       2.3527500561E-01  7.6472499439E-01  7.6684164642E-01
                       7.6684164642E-01  2.3315835358E-01  2.3527500561E-01
                       8.2586222259E-03 -8.2586222259E-03  8.2586222259E-03
             xred8     2.5524854002E-01  2.4475145998E-01  2.5524854002E-01
                       7.5524854002E-01  7.4475145998E-01  7.5524854002E-01
                       7.2402469726E-01  2.7597530274E-01  7.2402469726E-01
                       2.3717031484E-01  2.3561952721E-01  7.6438047279E-01
                       7.6438047279E-01  7.6282968516E-01  2.3717031484E-01
                       2.5383027722E-01  7.4616972278E-01  2.5383027722E-01
                       2.3717031484E-01  7.6282968516E-01  7.6438047279E-01
                       7.6438047279E-01  2.3561952721E-01  2.3717031484E-01
                       8.5463702244E-03 -8.5463702244E-03  8.5463702244E-03
             xred9     2.5492907086E-01  2.4507092914E-01  2.5492907086E-01
                       7.5492907086E-01  7.4507092914E-01  7.5492907086E-01
                       7.2302524615E-01  2.7697475385E-01  7.2302524615E-01
                       2.3896494142E-01  2.3808866494E-01  7.6191133506E-01
                       7.6191133506E-01  7.6103505858E-01  2.3896494142E-01
                       2.5641879414E-01  7.4358120586E-01  2.5641879414E-01
                       2.3896494142E-01  7.6103505858E-01  7.6191133506E-01
                       7.6191133506E-01  2.3808866494E-01  2.3896494142E-01
                       8.9452650315E-03 -8.9452650315E-03  8.9452650315E-03
             xred10    2.5458596958E-01  2.4541403042E-01  2.5458596958E-01
                       7.5458596958E-01  7.4541403042E-01  7.5458596958E-01
                       7.2249222559E-01  2.7750777441E-01  7.2249222559E-01
                       2.4085529830E-01  2.4074530120E-01  7.5925469880E-01
                       7.5925469880E-01  7.5914470170E-01  2.4085529830E-01
                       2.5869201012E-01  7.4130798988E-01  2.5869201012E-01
                       2.4085529830E-01  7.5914470170E-01  7.5925469880E-01
                       7.5925469880E-01  2.4074530120E-01  2.4085529830E-01
                       9.4238309489E-03 -9.4238309489E-03  9.4238309489E-03
         
diemac 12.0
ecut 16
pawecutdg 40
ixc -101130
kptopt 1
ngkpt 12 12 12
prtden 1
iscf 17
nstep 2500
prtwf 0
nshiftk 1
shiftk 0 0 0
nband 42
toldfe 1.0d-8
