ndtset 10
            acell1     1.5016898283E+01  1.5213950364E+01  1.5016898283E+01
            acell2     1.5001643827E+01  1.5199210972E+01  1.5001643827E+01
            acell3     1.4986413866E+01  1.5184417815E+01  1.4986413866E+01
            acell4     1.4971025748E+01  1.5169973244E+01  1.4971025748E+01
            acell5     1.4954716948E+01  1.5157560504E+01  1.4954716948E+01
            acell6     1.4939338447E+01  1.5143096797E+01  1.4939338447E+01
            acell7     1.4923654167E+01  1.5129309649E+01  1.4923654167E+01
            acell8     1.4908282824E+01  1.5114831375E+01  1.4908282824E+01
            acell9     1.4892723123E+01  1.5100770659E+01  1.4892723123E+01
            acell10    1.4877187468E+01  1.5086657673E+01  1.4877187468E+01

            rprim1     0.0000000000E+00  6.9770472514E-01  7.1638545247E-01
                       7.0710678119E-01  0.0000000000E+00  7.0710678119E-01
                       7.1638545247E-01  6.9770472514E-01  0.0000000000E+00
            rprim2     0.0000000000E+00  6.9767010811E-01  7.1641916519E-01
                       7.0710678119E-01  0.0000000000E+00  7.0710678119E-01
                       7.1641916519E-01  6.9767010811E-01  0.0000000000E+00
            rprim3     0.0000000000E+00  6.9763922510E-01  7.1644923867E-01
                       7.0710678119E-01  0.0000000000E+00  7.0710678119E-01
                       7.1644923867E-01  6.9763922510E-01  0.0000000000E+00
            rprim4     0.0000000000E+00  6.9758359217E-01  7.1650340678E-01
                       7.0710678119E-01  0.0000000000E+00  7.0710678119E-01
                       7.1650340678E-01  6.9758359217E-01  0.0000000000E+00
            rprim5     0.0000000000E+00  6.9738379657E-01  7.1669787239E-01
                       7.0710678119E-01  0.0000000000E+00  7.0710678119E-01
                       7.1669787239E-01  6.9738379657E-01  0.0000000000E+00
            rprim6     0.0000000000E+00  6.9732914788E-01  7.1675104431E-01
                       7.0710678119E-01  0.0000000000E+00  7.0710678119E-01
                       7.1675104431E-01  6.9732914788E-01  0.0000000000E+00
            rprim7     0.0000000000E+00  6.9722632225E-01  7.1685106930E-01
                       7.0710678119E-01  0.0000000000E+00  7.0710678119E-01
                       7.1685106930E-01  6.9722632225E-01  0.0000000000E+00
            rprim8     0.0000000000E+00  6.9717243757E-01  7.1690347488E-01
                       7.0710678119E-01  0.0000000000E+00  7.0710678119E-01
                       7.1690347488E-01  6.9717243757E-01  0.0000000000E+00
            rprim9     0.0000000000E+00  6.9708871649E-01  7.1698488223E-01
                       7.0710678119E-01  0.0000000000E+00  7.0710678119E-01
                       7.1698488223E-01  6.9708871649E-01  0.0000000000E+00
            rprim10    0.0000000000E+00  6.9700854898E-01  7.1706281639E-01
                       7.0710678119E-01  0.0000000000E+00  7.0710678119E-01
                       7.1706281639E-01  6.9700854898E-01  0.0000000000E+00

natom    9
ntypat   4 
typat 1 1 4 2 2 2 2 2 3   
znucl    55 53 72 17
             xred1     2.4827762042E-01  2.5172237958E-01  2.4827762042E-01
                       7.4827762042E-01  7.5172237958E-01  7.4827762042E-01
                       7.7398649888E-01  2.2601350112E-01  7.7398649888E-01
                       2.4883611405E-01  2.5091167775E-01  7.4908832225E-01
                       7.4908832225E-01  7.5116388595E-01  2.4883611405E-01
                       2.4869042490E-01  7.5130957510E-01  2.4869042490E-01
                       2.4883611405E-01  7.5116388595E-01  7.4908832225E-01
                       7.4908832225E-01  2.5091167775E-01  2.4883611405E-01
                      -8.0568582508E-03  8.0568582508E-03 -8.0568582508E-03
             xred2     2.4830192656E-01  2.5169807344E-01  2.4830192656E-01
                       7.4830192656E-01  7.5169807344E-01  7.4830192656E-01
                       7.7369376366E-01  2.2630623634E-01  7.7369376366E-01
                       2.4905011254E-01  2.5104204963E-01  7.4895795037E-01
                       7.4895795037E-01  7.5094988746E-01  2.4905011254E-01
                       2.4883357652E-01  7.5116642348E-01  2.4883357652E-01
                       2.4905011254E-01  7.5094988746E-01  7.4895795037E-01
                       7.4895795037E-01  2.5104204963E-01  2.4905011254E-01
                      -8.1231401519E-03  8.1231401519E-03 -8.1231401519E-03
             xred3     2.4831400767E-01  2.5168599233E-01  2.4831400767E-01
                       7.4831400767E-01  7.5168599233E-01  7.4831400767E-01
                       7.7341512067E-01  2.2658487933E-01  7.7341512067E-01
                       2.4926252683E-01  2.5117646096E-01  7.4882353904E-01
                       7.4882353904E-01  7.5073747317E-01  2.4926252683E-01
                       2.4898157565E-01  7.5101842435E-01  2.4898157565E-01
                       2.4926252683E-01  7.5073747317E-01  7.4882353904E-01
                       7.4882353904E-01  2.5117646096E-01  2.4926252683E-01
                      -8.1726644483E-03  8.1726644483E-03 -8.1726644483E-03
             xred4     2.4833145007E-01  2.5166854993E-01  2.4833145007E-01
                       7.4833145007E-01  7.5166854993E-01  7.4833145007E-01
                       7.7312485615E-01  2.2687514385E-01  7.7312485615E-01
                       2.4946662562E-01  2.5130644956E-01  7.4869355044E-01
                       7.4869355044E-01  7.5053337438E-01  2.4946662562E-01
                       2.4914080405E-01  7.5085919595E-01  2.4914080405E-01
                       2.4946662562E-01  7.5053337438E-01  7.4869355044E-01
                       7.4869355044E-01  2.5130644956E-01  2.4946662562E-01
                      -8.2247334649E-03  8.2247334649E-03 -8.2247334649E-03
             xred5     2.4832633063E-01  2.5167366937E-01  2.4832633063E-01
                       7.4832633063E-01  7.5167366937E-01  7.4832633063E-01
                       7.7280276541E-01  2.2719723459E-01  7.7280276541E-01
                       2.4963836531E-01  2.5141683301E-01  7.4858316699E-01
                       7.4858316699E-01  7.5036163469E-01  2.4963836531E-01
                       2.4937135022E-01  7.5062864978E-01  2.4937135022E-01
                       2.4963836531E-01  7.5036163469E-01  7.4858316699E-01
                       7.4858316699E-01  2.5141683301E-01  2.4963836531E-01
                      -8.2456625120E-03  8.2456625120E-03 -8.2456625120E-03
             xred6     2.4839725956E-01  2.5160274044E-01  2.4839725956E-01
                       7.4839725956E-01  7.5160274044E-01  7.4839725956E-01
                       7.7247625391E-01  2.2752374609E-01  7.7247625391E-01
                       2.4983783120E-01  2.5154912750E-01  7.4845087250E-01
                       7.4845087250E-01  7.5016216880E-01  2.4983783120E-01
                       2.4950397106E-01  7.5049602894E-01  2.4950397106E-01
                       2.4983783120E-01  7.5016216880E-01  7.4845087250E-01
                       7.4845087250E-01  2.5154912750E-01  2.4983783120E-01
                      -8.3279725080E-03  8.3279725080E-03 -8.3279725080E-03
             xred7     2.4843904632E-01  2.5156095368E-01  2.4843904632E-01
                       7.4843904632E-01  7.5156095368E-01  7.4843904632E-01
                       7.7214395100E-01  2.2785604900E-01  7.7214395100E-01
                       2.5003297817E-01  2.5166408093E-01  7.4833591907E-01
                       7.4833591907E-01  7.4996702183E-01  2.5003297817E-01
                       2.4966464522E-01  7.5033535478E-01  2.4966464522E-01
                       2.5003297817E-01  7.4996702183E-01  7.4833591907E-01
                       7.4833591907E-01  2.5166408093E-01  2.5003297817E-01
                      -8.4003043542E-03  8.4003043542E-03 -8.4003043542E-03
             xred8     2.4851442716E-01  2.5148557284E-01  2.4851442716E-01
                       7.4851442716E-01  7.5148557284E-01  7.4851442716E-01
                       7.7181026127E-01  2.2818973873E-01  7.7181026127E-01
                       2.5023419682E-01  2.5179146897E-01  7.4820853103E-01
                       7.4820853103E-01  7.4976580318E-01  2.5023419682E-01
                       2.4979151023E-01  7.5020848977E-01  2.4979151023E-01
                       2.5023419682E-01  7.4976580318E-01  7.4820853103E-01
                       7.4820853103E-01  2.5179146897E-01  2.5023419682E-01
                      -8.4919025415E-03  8.4919025415E-03 -8.4919025415E-03
             xred9     2.4854775143E-01  2.5145224857E-01  2.4854775143E-01
                       7.4854775143E-01  7.5145224857E-01  7.4854775143E-01
                       7.7147932022E-01  2.2852067978E-01  7.7147932022E-01
                       2.5043777154E-01  2.5190368742E-01  7.4809631258E-01
                       7.4809631258E-01  7.4956222846E-01  2.5043777154E-01
                       2.4994454388E-01  7.5005545612E-01  2.4994454388E-01
                       2.5043777154E-01  7.4956222846E-01  7.4809631258E-01
                       7.4809631258E-01  2.5190368742E-01  2.5043777154E-01
                      -8.5633562535E-03  8.5633562535E-03 -8.5633562535E-03
             xred10    2.4863744820E-01  2.5136255180E-01  2.4863744820E-01
                       7.4863744820E-01  7.5136255180E-01  7.4863744820E-01
                       7.7111649963E-01  2.2888350037E-01  7.7111649963E-01
                       2.5063681491E-01  2.5201735862E-01  7.4798264138E-01
                       7.4798264138E-01  7.4936318509E-01  2.5063681491E-01
                       2.5007381896E-01  7.4992618104E-01  2.5007381896E-01
                       2.5063681491E-01  7.4936318509E-01  7.4798264138E-01
                       7.4798264138E-01  2.5201735862E-01  2.5063681491E-01
                      -8.6799485874E-03  8.6799485874E-03 -8.6799485874E-03
         
diemac 12.0
ecut 16
pawecutdg 40
ixc -101130
kptopt 1
ngkpt 12 12 12
prtden 1
iscf 17
nstep 2500
prtwf 0
nshiftk 1
shiftk 0 0 0
nband 42
toldfe 1.0d-8
